
"0:0:17:966
0:0:18:333
"一個人並不是天生就要被打敗的,你進互さト
"一個人並不是天生就要被打敗的,你盡可。
0:0:18:700
0:0:19:66
"一個人並不是天生就要被打敗的.你盡可以
“一個人並不是天生就要被打敗的。你盡可以工一
"bounds: (60,11),(937,11),(937,375),(60,375)
"0:0:17:966"bounds: (101,11),(234,12),(234,26),(101,25)
"0:0:18:333"bounds: (701,12),(834,12),(834,25),(701,25)
"""bounds: (60,35),(74,35),(74,49),(60,49)
"一個"bounds: (76,35),(99,35),(99,49),(76,49)
"人"bounds: (101,35),(111,35),(111,49),(101,49)
"並不是"bounds: (113,35),(151,35),(151,49),(113,49)
"天生"bounds: (153,35),(179,35),(179,49),(153,49)
"就要"bounds: (181,35),(209,35),(209,49),(181,49)
"被"bounds: (211,35),(221,35),(221,49),(211,49)
"打敗"bounds: (223,35),(244,35),(244,49),(223,49)
"的"bounds: (246,35),(256,35),(256,49),(246,49)
","bounds: (258,35),(261,35),(261,49),(258,49)
"你"bounds: (263,35),(274,35),(274,49),(263,49)
"進"bounds: (276,35),(289,35),(289,49),(276,49)
"互"bounds: (291,35),(304,35),(304,49),(291,49)
"さ"bounds: (306,35),(314,35),(314,49),(306,49)
"ト"bounds: (316,35),(319,35),(319,49),(316,49)
"""bounds: (666,35),(671,35),(671,42),(666,42)
"一個"bounds: (673,39),(688,39),(688,48),(673,48)
"人"bounds: (690,39),(711,39),(711,48),(690,48)
"並不是"bounds: (713,35),(746,35),(746,48),(713,48)
"天生"bounds: (753,39),(777,39),(777,48),(753,48)
"就要"bounds: (779,36),(809,36),(809,49),(779,49)
"被"bounds: (811,36),(820,36),(820,49),(811,49)
"打敗"bounds: (819,39),(830,39),(830,48),(819,48)
"的"bounds: (841,36),(855,36),(855,49),(841,49)
","bounds: (857,36),(860,36),(860,49),(857,49)
"你"bounds: (862,36),(874,36),(874,49),(862,49)
"盡可"bounds: (876,36),(902,36),(902,49),(876,49)
"。"bounds: (907,42),(907,42),(907,43),(907,43)
"0:0:18:700"bounds: (101,337),(234,337),(234,350),(101,350)
"0:0:19:66"bounds: (701,336),(818,335),(818,350),(701,351)
"""bounds: (68,365),(71,365),(71,367),(68,367)
"一個"bounds: (73,364),(88,364),(88,373),(73,373)
"人"bounds: (90,364),(111,364),(111,373),(90,373)
"並不是"bounds: (113,361),(153,361),(153,375),(113,375)
"天生"bounds: (155,361),(180,361),(180,375),(155,375)
"就要"bounds: (182,361),(208,361),(208,375),(182,375)
"被"bounds: (210,361),(220,361),(220,375),(210,375)
"打敗"bounds: (219,364),(230,364),(230,373),(219,373)
"的"bounds: (242,361),(255,361),(255,375),(242,375)
"."bounds: (257,361),(260,361),(260,375),(257,375)
"你"bounds: (262,361),(273,361),(273,375),(262,375)
"盡"bounds: (275,361),(290,361),(290,375),(275,375)
"可以"bounds: (292,361),(315,361),(315,375),(292,375)
"“"bounds: (659,361),(674,361),(674,375),(659,375)
"一個"bounds: (676,361),(699,361),(699,375),(676,375)
"人"bounds: (701,361),(712,361),(712,375),(701,375)
"並不是"bounds: (714,361),(752,361),(752,375),(714,375)
"天生"bounds: (754,361),(779,361),(779,375),(754,375)
"就要"bounds: (781,361),(809,361),(809,375),(781,375)
"被"bounds: (811,361),(819,361),(819,375),(811,375)
"打敗"bounds: (821,361),(844,361),(844,375),(821,375)
"的"bounds: (846,361),(857,361),(857,375),(846,375)
"。"bounds: (859,361),(862,361),(862,375),(859,375)
"你"bounds: (864,361),(872,361),(872,375),(864,375)
"盡"bounds: (874,361),(892,361),(892,375),(874,375)
"可以"bounds: (894,361),(914,361),(914,375),(894,375)
"工"bounds: (916,361),(927,361),(927,375),(916,375)
"一"bounds: (929,361),(937,361),(937,375),(929,375)