
"0:0:26:766
0:0:27:133
"一個人並不是天生就要被打敗的,你盡可以消滅他,卻打不敗他。
"一個人並不是天生就要被打敗的,你盡可以消滅他,卻打不敗他。ト
0:0:27:500
0:0:27:866
“一個人並不是天生就要被打敗的,你盡可以消滅他,卻打不敗他。一
“一個人並不是天生就要被打敗的,你盡可以消滅他,卻打不敗他。*
"bounds: (68,11),(1045,11),(1045,375),(68,375)
"0:0:26:766"bounds: (101,12),(234,12),(234,25),(101,25)
"0:0:27:133"bounds: (701,11),(834,12),(834,26),(701,25)
"""bounds: (68,40),(71,40),(71,42),(68,42)
"一個"bounds: (73,39),(88,39),(88,48),(73,48)
"人"bounds: (96,35),(111,35),(111,49),(96,49)
"並不是"bounds: (113,35),(151,35),(151,49),(113,49)
"天生"bounds: (166,39),(177,39),(177,47),(166,47)
"就要"bounds: (179,35),(209,35),(209,49),(179,49)
"被"bounds: (211,35),(221,35),(221,49),(211,49)
"打敗"bounds: (223,35),(244,35),(244,49),(223,49)
"的"bounds: (246,35),(256,35),(256,49),(246,49)
","bounds: (259,46),(260,46),(260,47),(259,47)
"你"bounds: (262,39),(273,39),(273,48),(262,48)
"盡"bounds: (275,35),(291,35),(291,49),(275,49)
"可以"bounds: (293,35),(316,35),(316,49),(293,49)
"消滅"bounds: (318,35),(339,35),(339,49),(318,49)
"他"bounds: (342,39),(353,39),(353,48),(342,48)
","bounds: (355,46),(356,46),(356,48),(355,48)
"卻"bounds: (358,35),(371,35),(371,49),(358,49)
"打"bounds: (373,35),(384,35),(384,49),(373,49)
"不敗"bounds: (385,39),(409,39),(409,48),(385,48)
"他"bounds: (411,39),(424,39),(424,48),(411,48)
"。"bounds: (427,42),(432,42),(432,48),(427,48)
"""bounds: (668,40),(671,40),(671,42),(668,42)
"一個"bounds: (673,39),(688,39),(688,48),(673,48)
"人"bounds: (695,36),(711,36),(711,50),(695,50)
"並不是"bounds: (713,36),(751,36),(751,50),(713,50)
"天生"bounds: (753,36),(781,36),(781,50),(753,50)
"就要"bounds: (783,36),(808,36),(808,50),(783,50)
"被"bounds: (810,36),(821,36),(821,50),(810,50)
"打敗"bounds: (823,36),(843,36),(843,50),(823,50)
"的"bounds: (845,36),(856,36),(856,50),(845,50)
","bounds: (859,46),(860,46),(860,47),(859,47)
"你"bounds: (862,36),(873,36),(873,50),(862,50)
"盡"bounds: (875,36),(891,36),(891,50),(875,50)
"可以"bounds: (893,36),(916,36),(916,50),(893,50)
"消滅"bounds: (918,36),(936,36),(936,50),(918,50)
"他"bounds: (938,36),(953,36),(953,50),(938,50)
","bounds: (955,46),(956,46),(956,48),(955,48)
"卻"bounds: (958,36),(971,36),(971,50),(958,50)
"打"bounds: (973,36),(983,36),(983,50),(973,50)
"不敗"bounds: (985,39),(1009,39),(1009,48),(985,48)
"他"bounds: (1011,39),(1023,39),(1023,48),(1011,48)
"。"bounds: (1028,42),(1031,42),(1031,45),(1028,45)
"ト"bounds: (1037,38),(1039,38),(1039,50),(1037,50)
"0:0:27:500"bounds: (101,336),(234,335),(234,350),(101,351)
"0:0:27:866"bounds: (701,336),(834,337),(834,351),(701,350)
"“"bounds: (68,365),(71,365),(71,367),(68,367)
"一個"bounds: (73,364),(88,364),(88,373),(73,373)
"人"bounds: (96,361),(111,361),(111,374),(96,374)
"並不是"bounds: (113,361),(146,361),(146,374),(113,374)
"天生"bounds: (139,364),(177,364),(177,373),(139,373)
"就要"bounds: (179,361),(209,361),(209,374),(179,374)
"被"bounds: (211,361),(220,361),(220,374),(211,374)
"打敗"bounds: (219,364),(230,364),(230,373),(219,373)
"的"bounds: (241,361),(258,361),(258,374),(241,374)
","bounds: (260,361),(262,361),(262,374),(260,374)
"你"bounds: (262,364),(273,364),(273,373),(262,373)
"盡"bounds: (275,361),(290,361),(290,374),(275,374)
"可以"bounds: (292,361),(316,361),(316,374),(292,374)
"消滅"bounds: (318,361),(344,361),(344,374),(318,374)
"他"bounds: (346,361),(356,361),(356,374),(346,374)
","bounds: (358,361),(358,361),(358,374),(358,374)
"卻"bounds: (360,361),(372,361),(372,374),(360,374)
"打"bounds: (374,361),(381,361),(381,374),(374,374)
"不敗"bounds: (385,365),(396,365),(396,373),(385,373)
"他"bounds: (398,364),(431,364),(431,373),(398,373)
"。"bounds: (433,361),(435,361),(435,374),(433,374)
"一"bounds: (437,367),(443,367),(443,370),(437,370)
"“"bounds: (668,365),(671,365),(671,367),(668,367)
"一個"bounds: (673,364),(688,364),(688,373),(673,373)
"人"bounds: (690,364),(711,364),(711,373),(690,373)
"並不是"bounds: (713,361),(752,361),(752,375),(713,375)
"天生"bounds: (766,364),(777,364),(777,372),(766,372)
"就要"bounds: (779,361),(809,361),(809,375),(779,375)
"被"bounds: (811,361),(819,361),(819,375),(811,375)
"打敗"bounds: (819,364),(830,364),(830,373),(819,373)
"的"bounds: (841,361),(857,361),(857,375),(841,375)
","bounds: (859,371),(860,371),(860,373),(859,373)
"你"bounds: (862,361),(872,361),(872,375),(862,375)
"盡"bounds: (874,361),(892,361),(892,375),(874,375)
"可以"bounds: (902,364),(913,364),(913,373),(902,373)
"消滅"bounds: (915,361),(937,361),(937,375),(915,375)
"他"bounds: (942,364),(953,364),(953,373),(942,373)
","bounds: (955,371),(956,371),(956,373),(955,373)
"卻"bounds: (958,361),(972,361),(972,375),(958,375)
"打"bounds: (974,361),(982,361),(982,375),(974,375)
"不敗"bounds: (985,364),(1009,364),(1009,373),(985,373)
"他"bounds: (1011,364),(1023,364),(1023,373),(1011,373)
"。"bounds: (1028,367),(1031,367),(1031,370),(1028,370)
"*"bounds: (1038,363),(1045,363),(1045,374),(1038,374)