
"0:0:29:700
0:0:30:66
“一個人並不是天生就要被打敗的,你盡可以消滅他,卻打不敗他。”道以。
"一個人並不是天生就要被打敗的,你盡可以消滅他,卻打不敗他。“這句
0:0:30:433
0:0:30:800
“一個人並不是天生就要被打敗的,你盡可以消滅他,卻打不敗他。”這句广メYト
“一個人並不是天生就要被打敗的,你盡可以消滅他,卻打不敗他。“這句話,
"bounds: (60,11),(1089,11),(1089,375),(60,375)
"0:0:29:700"bounds: (101,12),(234,12),(234,25),(101,25)
"0:0:30:66"bounds: (701,11),(819,12),(819,26),(701,25)
"“"bounds: (60,36),(74,36),(74,50),(60,50)
"一個"bounds: (76,36),(99,36),(99,50),(76,50)
"人"bounds: (101,36),(111,36),(111,50),(101,50)
"並不是"bounds: (113,36),(151,36),(151,50),(113,50)
"天生"bounds: (153,36),(179,36),(179,50),(153,50)
"就要"bounds: (181,36),(209,36),(209,50),(181,50)
"被"bounds: (211,36),(221,36),(221,50),(211,50)
"打敗"bounds: (223,36),(244,36),(244,50),(223,50)
"的"bounds: (246,36),(256,36),(256,50),(246,50)
","bounds: (258,36),(261,36),(261,50),(258,50)
"你"bounds: (263,36),(274,36),(274,50),(263,50)
"盡"bounds: (276,36),(291,36),(291,50),(276,50)
"可以"bounds: (293,36),(316,36),(316,50),(293,50)
"消滅"bounds: (318,36),(339,36),(339,50),(318,50)
"他"bounds: (341,36),(354,36),(354,50),(341,50)
","bounds: (356,36),(359,36),(359,50),(356,50)
"卻"bounds: (361,36),(371,36),(371,50),(361,50)
"打"bounds: (373,36),(384,36),(384,50),(373,50)
"不敗"bounds: (386,36),(414,36),(414,50),(386,50)
"他"bounds: (416,36),(426,36),(426,50),(416,50)
"。"bounds: (428,36),(431,36),(431,50),(428,50)
"”"bounds: (433,36),(444,36),(444,50),(433,50)
"道"bounds: (446,36),(459,36),(459,50),(446,50)
"以"bounds: (461,36),(469,36),(469,50),(461,50)
"。"bounds: (471,36),(476,36),(476,50),(471,50)
"""bounds: (668,40),(671,40),(671,42),(668,42)
"一個"bounds: (673,39),(688,39),(688,48),(673,48)
"人"bounds: (695,36),(711,36),(711,50),(695,50)
"並不是"bounds: (713,36),(751,36),(751,50),(713,50)
"天生"bounds: (753,36),(781,36),(781,50),(753,50)
"就要"bounds: (783,36),(808,36),(808,50),(783,50)
"被"bounds: (810,36),(821,36),(821,50),(810,50)
"打敗"bounds: (823,36),(843,36),(843,50),(823,50)
"的"bounds: (845,36),(856,36),(856,50),(845,50)
","bounds: (858,36),(861,36),(861,50),(858,50)
"你"bounds: (863,36),(873,36),(873,50),(863,50)
"盡"bounds: (875,36),(891,36),(891,50),(875,50)
"可以"bounds: (893,36),(916,36),(916,50),(893,50)
"消滅"bounds: (918,36),(936,36),(936,50),(918,50)
"他"bounds: (938,36),(953,36),(953,50),(938,50)
","bounds: (955,36),(958,36),(958,50),(955,50)
"卻"bounds: (960,36),(971,36),(971,50),(960,50)
"打"bounds: (973,36),(983,36),(983,50),(973,50)
"不敗"bounds: (985,39),(1009,39),(1009,48),(985,48)
"他"bounds: (1011,39),(1023,39),(1023,48),(1011,48)
"。"bounds: (1028,42),(1031,42),(1031,45),(1028,45)
"“"bounds: (1038,40),(1041,40),(1041,42),(1038,42)
"這句"bounds: (1043,39),(1068,39),(1068,48),(1043,48)
"0:0:30:433"bounds: (101,337),(234,337),(234,350),(101,350)
"0:0:30:800"bounds: (701,336),(834,335),(834,350),(701,351)
"“"bounds: (68,365),(71,365),(71,367),(68,367)
"一個"bounds: (73,364),(88,364),(88,373),(73,373)
"人"bounds: (90,364),(111,364),(111,373),(90,373)
"並不是"bounds: (113,361),(147,361),(147,374),(113,374)
"天生"bounds: (139,364),(177,364),(177,373),(139,373)
"就要"bounds: (179,361),(207,361),(207,374),(179,374)
"被"bounds: (209,361),(221,361),(221,374),(209,374)
"打敗"bounds: (223,361),(245,361),(245,374),(223,374)
"的"bounds: (247,361),(256,361),(256,374),(247,374)
","bounds: (258,361),(261,361),(261,374),(258,374)
"你"bounds: (262,364),(273,364),(273,373),(262,373)
"盡"bounds: (275,361),(291,361),(291,374),(275,374)
"可以"bounds: (293,361),(312,361),(312,374),(293,374)
"消滅"bounds: (314,361),(345,361),(345,374),(314,374)
"他"bounds: (347,361),(357,361),(357,374),(347,374)
","bounds: (359,361),(359,361),(359,374),(359,374)
"卻"bounds: (361,361),(373,361),(373,374),(361,374)
"打"bounds: (375,361),(382,361),(382,374),(375,374)
"不敗"bounds: (385,365),(396,365),(396,373),(385,373)
"他"bounds: (398,364),(423,364),(423,373),(398,373)
"。"bounds: (428,367),(431,367),(431,370),(428,370)
"”"bounds: (438,365),(441,365),(441,367),(438,367)
"這句"bounds: (443,364),(468,364),(468,373),(443,373)
"广"bounds: (470,365),(480,365),(480,373),(470,373)
"メ"bounds: (483,373),(483,373),(483,373),(483,373)
"Y"bounds: (485,365),(496,365),(496,373),(485,373)
"ト"bounds: (498,363),(511,363),(511,374),(498,374)
"“"bounds: (659,361),(674,361),(674,375),(659,375)
"一個"bounds: (676,361),(699,361),(699,375),(676,375)
"人"bounds: (701,361),(712,361),(712,375),(701,375)
"並不是"bounds: (714,361),(752,361),(752,375),(714,375)
"天生"bounds: (754,361),(779,361),(779,375),(754,375)
"就要"bounds: (781,361),(809,361),(809,375),(781,375)
"被"bounds: (811,361),(819,361),(819,375),(811,375)
"打敗"bounds: (821,361),(844,361),(844,375),(821,375)
"的"bounds: (846,361),(857,361),(857,375),(846,375)
","bounds: (859,361),(862,361),(862,375),(859,375)
"你"bounds: (864,361),(874,361),(874,375),(864,375)
"盡"bounds: (876,361),(892,361),(892,375),(876,375)
"可以"bounds: (894,361),(917,361),(917,375),(894,375)
"消滅"bounds: (919,361),(937,361),(937,375),(919,375)
"他"bounds: (939,361),(954,361),(954,375),(939,375)
","bounds: (956,361),(957,361),(957,375),(956,375)
"卻"bounds: (959,361),(972,361),(972,375),(959,375)
"打"bounds: (974,361),(982,361),(982,375),(974,375)
"不敗"bounds: (984,361),(1014,361),(1014,375),(984,375)
"他"bounds: (1016,361),(1027,361),(1027,375),(1016,375)
"。"bounds: (1029,361),(1032,361),(1032,375),(1029,375)
"“"bounds: (1034,361),(1044,361),(1044,375),(1034,375)
"這"bounds: (1046,361),(1059,361),(1059,375),(1046,375)
"句話"bounds: (1061,361),(1084,361),(1084,375),(1061,375)
","bounds: (1086,361),(1089,361),(1089,375),(1086,375)