
"0:0:37:33
0:0:37:400
“一個人並不是天生就要被打敗的,你盡可以消滅他,卻打不敗他。“這句話出自於
海明威的。
"一個人並不是天生就要被打敗的,你盡可以消滅威他,卻打不敗他。”這句話出自於
海明威的。
0:0:37:766
0:0:38:133
“一個人並不是天生就要被打敗的,你盡可以肖滅他,卻打不敗他。”這句話出自於
海明威的
“一個人並不是天生就要被打敗的,你盡可以消滅他,卻打不敗他。“這句話出自於
海明威的为
"bounds: (59,11),(1122,11),(1122,389),(59,389)
"0:0:37:33"bounds: (101,12),(218,12),(218,25),(101,25)
"0:0:37:400"bounds: (701,11),(834,12),(834,26),(701,25)
"“"bounds: (59,36),(74,36),(74,50),(59,50)
"一個"bounds: (76,36),(99,36),(99,50),(76,50)
"人"bounds: (101,36),(112,36),(112,50),(101,50)
"並不是"bounds: (114,36),(152,36),(152,50),(114,50)
"天生"bounds: (154,36),(179,36),(179,50),(154,50)
"就要"bounds: (181,36),(209,36),(209,50),(181,50)
"被"bounds: (211,36),(219,36),(219,50),(211,50)
"打敗"bounds: (221,36),(244,36),(244,50),(221,50)
"的"bounds: (246,36),(257,36),(257,50),(246,50)
","bounds: (259,36),(262,36),(262,50),(259,50)
"你"bounds: (264,36),(272,36),(272,50),(264,50)
"盡"bounds: (274,36),(292,36),(292,50),(274,50)
"可以"bounds: (294,36),(317,36),(317,50),(294,50)
"消滅"bounds: (319,36),(337,36),(337,50),(319,50)
"他"bounds: (339,36),(354,36),(354,50),(339,50)
","bounds: (356,36),(357,36),(357,50),(356,50)
"卻"bounds: (359,36),(372,36),(372,50),(359,50)
"打"bounds: (374,36),(382,36),(382,50),(374,50)
"不敗"bounds: (384,36),(414,36),(414,50),(384,50)
"他"bounds: (416,36),(427,36),(427,50),(416,50)
"。"bounds: (429,36),(432,36),(432,50),(429,50)
"“"bounds: (434,36),(444,36),(444,50),(434,50)
"這"bounds: (446,36),(459,36),(459,50),(446,50)
"句話"bounds: (461,36),(484,36),(484,50),(461,50)
"出自"bounds: (486,36),(512,36),(512,50),(486,50)
"於"bounds: (514,36),(519,36),(519,50),(514,50)
"海明威"bounds: (63,50),(108,51),(108,66),(63,65)
"的"bounds: (110,51),(119,51),(119,66),(110,66)
"。"bounds: (121,51),(127,51),(127,66),(121,66)
"""bounds: (668,40),(671,40),(671,42),(668,42)
"一個"bounds: (673,39),(688,39),(688,48),(673,48)
"人"bounds: (695,36),(711,36),(711,50),(695,50)
"並不是"bounds: (713,36),(751,36),(751,50),(713,50)
"天生"bounds: (766,39),(777,39),(777,47),(766,47)
"就要"bounds: (779,36),(808,36),(808,50),(779,50)
"被"bounds: (810,36),(821,36),(821,50),(810,50)
"打敗"bounds: (823,36),(843,36),(843,50),(823,50)
"的"bounds: (845,36),(856,36),(856,50),(845,50)
","bounds: (858,36),(861,36),(861,50),(858,50)
"你"bounds: (863,36),(873,36),(873,50),(863,50)
"盡"bounds: (875,36),(891,36),(891,50),(875,50)
"可以"bounds: (893,36),(916,36),(916,50),(893,50)
"消滅"bounds: (918,36),(936,36),(936,50),(918,50)
"威"bounds: (938,36),(938,36),(938,50),(938,50)
"他"bounds: (940,36),(953,36),(953,50),(940,50)
","bounds: (955,36),(958,36),(958,50),(955,50)
"卻"bounds: (960,36),(971,36),(971,50),(960,50)
"打"bounds: (973,36),(983,36),(983,50),(973,50)
"不敗"bounds: (985,36),(1013,36),(1013,50),(985,50)
"他"bounds: (1015,36),(1026,36),(1026,50),(1015,50)
"。"bounds: (1028,42),(1031,42),(1031,45),(1028,45)
"”"bounds: (1038,40),(1041,40),(1041,42),(1038,42)
"這"bounds: (1043,40),(1055,40),(1055,48),(1043,48)
"句話"bounds: (1057,39),(1082,39),(1082,48),(1057,48)
"出自"bounds: (1084,39),(1107,39),(1107,48),(1084,48)
"於"bounds: (1110,39),(1122,39),(1122,48),(1110,48)
"海明威"bounds: (666,51),(707,51),(707,64),(666,64)
"的"bounds: (709,51),(719,51),(719,64),(709,64)
"。"bounds: (726,58),(726,58),(726,58),(726,58)
"0:0:37:766"bounds: (101,337),(234,336),(234,350),(101,351)
"0:0:38:133"bounds: (701,336),(834,335),(834,350),(701,351)
"“"bounds: (68,365),(71,365),(71,367),(68,367)
"一個"bounds: (73,364),(88,364),(88,373),(73,373)
"人"bounds: (90,364),(111,364),(111,373),(90,373)
"並不是"bounds: (113,361),(148,361),(148,374),(113,374)
"天生"bounds: (139,364),(177,364),(177,373),(139,373)
"就要"bounds: (179,361),(208,361),(208,374),(179,374)
"被"bounds: (210,361),(220,361),(220,374),(210,374)
"打敗"bounds: (219,364),(230,364),(230,373),(219,373)
"的"bounds: (243,361),(257,361),(257,374),(243,374)
","bounds: (259,361),(262,361),(262,374),(259,374)
"你"bounds: (262,364),(273,364),(273,373),(262,373)
"盡"bounds: (275,361),(290,361),(290,374),(275,374)
"可以"bounds: (292,361),(313,361),(313,374),(292,374)
"肖"bounds: (315,361),(325,361),(325,374),(315,374)
"滅"bounds: (327,361),(346,361),(346,374),(327,374)
"他"bounds: (348,361),(355,361),(355,374),(348,374)
","bounds: (357,361),(358,361),(358,374),(357,374)
"卻"bounds: (360,361),(372,361),(372,374),(360,374)
"打"bounds: (374,361),(383,361),(383,374),(374,374)
"不敗"bounds: (385,361),(407,361),(407,374),(385,374)
"他"bounds: (398,364),(431,364),(431,373),(398,373)
"。"bounds: (433,361),(435,361),(435,374),(433,374)
"”"bounds: (438,365),(441,365),(441,367),(438,367)
"這"bounds: (443,365),(455,365),(455,373),(443,373)
"句話"bounds: (457,364),(482,364),(482,373),(457,373)
"出自"bounds: (484,364),(507,364),(507,373),(484,373)
"於"bounds: (510,364),(522,364),(522,373),(510,373)
"海明威"bounds: (63,376),(107,376),(107,389),(63,389)
"的"bounds: (109,376),(121,376),(121,389),(109,389)
"“"bounds: (659,361),(674,361),(674,375),(659,375)
"一個"bounds: (676,361),(699,361),(699,375),(676,375)
"人"bounds: (701,361),(712,361),(712,375),(701,375)
"並不是"bounds: (714,361),(752,361),(752,375),(714,375)
"天生"bounds: (754,361),(779,361),(779,375),(754,375)
"就要"bounds: (781,361),(809,361),(809,375),(781,375)
"被"bounds: (811,361),(819,361),(819,375),(811,375)
"打敗"bounds: (821,361),(844,361),(844,375),(821,375)
"的"bounds: (846,361),(857,361),(857,375),(846,375)
","bounds: (859,361),(862,361),(862,375),(859,375)
"你"bounds: (864,361),(874,361),(874,375),(864,375)
"盡"bounds: (876,361),(892,361),(892,375),(876,375)
"可以"bounds: (894,361),(917,361),(917,375),(894,375)
"消滅"bounds: (919,361),(937,361),(937,375),(919,375)
"他"bounds: (939,361),(954,361),(954,375),(939,375)
","bounds: (956,361),(957,361),(957,375),(956,375)
"卻"bounds: (959,361),(972,361),(972,375),(959,375)
"打"bounds: (974,361),(982,361),(982,375),(974,375)
"不敗"bounds: (984,361),(1014,361),(1014,375),(984,375)
"他"bounds: (1016,361),(1027,361),(1027,375),(1016,375)
"。"bounds: (1029,361),(1032,361),(1032,375),(1029,375)
"“"bounds: (1034,361),(1044,361),(1044,375),(1034,375)
"這"bounds: (1046,361),(1059,361),(1059,375),(1046,375)
"句話"bounds: (1061,361),(1084,361),(1084,375),(1061,375)
"出自"bounds: (1086,361),(1112,361),(1112,375),(1086,375)
"於"bounds: (1114,361),(1122,361),(1122,375),(1114,375)
"海明威"bounds: (663,376),(708,376),(708,389),(663,389)
"的"bounds: (710,375),(718,375),(718,388),(710,388)
"为"bounds: (722,377),(734,377),(734,388),(722,388)