
"0:0:56:100
0:0:56:466
"一個人並不是天生就要被打敗的,你盡可以消滅他,卻打不敗他。”這句話出自於
海明威的老人與海。這句話是這本書的精苹,值得人深入思考。上
“一個人並不是天生就要被打敗的,你盡可以消滅他,卻打不敗他。”這句話出自於
海明威的老人與海。這句話這本書的精苹,值得人深入思考。。
0:0:56:833
0:0:57:199
“一個人並不是天生就要被打敗的,你盡可以肖滅他,卻打不敗他。”這句話出自於
海明威的老人與海。這句話是這本書的精苹,值得人深入思考。。
“一個人並不是天生就要被打敗的,你盡可以消滅他,卻打不敗他。“這句話出自於
海明威的老人與海。這句話是這本書的精苹,值得人深入思考。。
"bounds: (59,11),(1122,11),(1122,390),(59,390)
"0:0:56:100"bounds: (101,11),(234,12),(234,27),(101,26)
"0:0:56:466"bounds: (701,12),(835,12),(835,25),(701,25)
"""bounds: (59,36),(73,36),(73,50),(59,50)
"一個"bounds: (75,36),(100,36),(100,50),(75,50)
"人"bounds: (102,36),(113,36),(113,50),(102,50)
"並不是"bounds: (115,36),(153,36),(153,50),(115,50)
"天生"bounds: (155,36),(180,36),(180,50),(155,50)
"就要"bounds: (182,36),(208,36),(208,50),(182,50)
"被"bounds: (210,36),(220,36),(220,50),(210,50)
"打敗"bounds: (222,36),(245,36),(245,50),(222,50)
"的"bounds: (247,36),(255,36),(255,50),(247,50)
","bounds: (257,36),(260,36),(260,50),(257,50)
"你"bounds: (262,36),(273,36),(273,50),(262,50)
"盡"bounds: (275,36),(290,36),(290,50),(275,50)
"可以"bounds: (292,36),(315,36),(315,50),(292,50)
"消滅"bounds: (317,36),(338,36),(338,50),(317,50)
"他"bounds: (340,36),(353,36),(353,50),(340,50)
","bounds: (355,36),(358,36),(358,50),(355,50)
"卻"bounds: (360,36),(373,36),(373,50),(360,50)
"打"bounds: (375,36),(383,36),(383,50),(375,50)
"不敗"bounds: (385,36),(413,36),(413,50),(385,50)
"他"bounds: (415,36),(425,36),(425,50),(415,50)
"。"bounds: (427,36),(433,36),(433,50),(427,50)
"”"bounds: (435,36),(443,36),(443,50),(435,50)
"這"bounds: (445,36),(460,36),(460,50),(445,50)
"句話"bounds: (462,36),(483,36),(483,50),(462,50)
"出自"bounds: (485,36),(510,36),(510,50),(485,50)
"於"bounds: (512,36),(520,36),(520,50),(512,50)
"海明威"bounds: (66,49),(108,49),(108,64),(66,64)
"的"bounds: (110,49),(119,49),(119,64),(110,64)
"老人與海"bounds: (121,54),(172,54),(172,63),(121,63)
"。"bounds: (177,57),(180,57),(180,60),(177,60)
"這"bounds: (182,49),(204,49),(204,64),(182,64)
"句話"bounds: (206,49),(228,49),(228,64),(206,64)
"是"bounds: (227,54),(238,54),(238,63),(227,63)
"這"bounds: (240,49),(255,49),(255,64),(240,64)
"本書"bounds: (257,49),(282,49),(282,64),(257,64)
"的"bounds: (284,49),(292,49),(292,64),(284,64)
"精"bounds: (294,49),(308,49),(308,64),(294,64)
"苹"bounds: (310,49),(322,49),(322,64),(310,64)
","bounds: (324,49),(324,49),(324,64),(324,64)
"值得"bounds: (326,49),(348,49),(348,64),(326,64)
"人"bounds: (350,49),(359,49),(359,64),(350,64)
"深入"bounds: (363,54),(388,54),(388,63),(363,63)
"思考"bounds: (390,54),(414,54),(414,63),(390,63)
"。"bounds: (420,57),(422,57),(422,60),(420,60)
"上"bounds: (428,53),(434,53),(434,64),(428,64)
"“"bounds: (659,35),(674,35),(674,49),(659,49)
"一個"bounds: (676,35),(699,35),(699,49),(676,49)
"人"bounds: (701,35),(712,35),(712,49),(701,49)
"並不是"bounds: (714,35),(752,35),(752,49),(714,49)
"天生"bounds: (754,35),(779,35),(779,49),(754,49)
"就要"bounds: (781,35),(807,35),(807,49),(781,49)
"被"bounds: (809,35),(819,35),(819,49),(809,49)
"打敗"bounds: (821,35),(844,35),(844,49),(821,49)
"的"bounds: (846,35),(857,35),(857,49),(846,49)
","bounds: (859,35),(862,35),(862,49),(859,49)
"你"bounds: (864,35),(874,35),(874,49),(864,49)
"盡"bounds: (876,35),(892,35),(892,49),(876,49)
"可以"bounds: (894,35),(914,35),(914,49),(894,49)
"消滅"bounds: (916,35),(937,35),(937,49),(916,49)
"他"bounds: (939,35),(954,35),(954,49),(939,49)
","bounds: (956,35),(959,35),(959,49),(956,49)
"卻"bounds: (961,35),(972,35),(972,49),(961,49)
"打"bounds: (974,35),(984,35),(984,49),(974,49)
"不敗"bounds: (986,35),(1012,35),(1012,49),(986,49)
"他"bounds: (1014,35),(1027,35),(1027,49),(1014,49)
"。"bounds: (1029,35),(1032,35),(1032,49),(1029,49)
"”"bounds: (1034,35),(1044,35),(1044,49),(1034,49)
"這"bounds: (1046,35),(1059,35),(1059,49),(1046,49)
"句話"bounds: (1061,35),(1084,35),(1084,49),(1061,49)
"出自"bounds: (1086,35),(1112,35),(1112,49),(1086,49)
"於"bounds: (1114,35),(1122,35),(1122,49),(1114,49)
"海明威"bounds: (664,51),(708,51),(708,64),(664,64)
"的"bounds: (710,51),(718,51),(718,64),(710,64)
"老人與海"bounds: (720,51),(781,51),(781,64),(720,64)
"。"bounds: (783,51),(783,51),(783,64),(783,64)
"這"bounds: (785,51),(802,51),(802,64),(785,64)
"句話"bounds: (804,51),(827,51),(827,64),(804,64)
"這"bounds: (829,51),(853,51),(853,64),(829,64)
"本書"bounds: (855,51),(881,51),(881,64),(855,64)
"的"bounds: (883,51),(890,51),(890,64),(883,64)
"精"bounds: (892,51),(907,51),(907,64),(892,64)
"苹"bounds: (909,51),(916,51),(916,64),(909,64)
","bounds: (918,51),(921,51),(921,64),(918,64)
"值得"bounds: (923,51),(949,51),(949,64),(923,64)
"人"bounds: (951,51),(963,51),(963,64),(951,64)
"深入"bounds: (965,51),(991,51),(991,64),(965,64)
"思考"bounds: (993,51),(1026,51),(1026,64),(993,64)
"。。"bounds: (1028,51),(1037,51),(1037,64),(1028,64)
"0:0:56:833"bounds: (101,337),(234,336),(234,350),(101,351)
"0:0:57:199"bounds: (701,336),(833,335),(833,350),(701,351)
"“"bounds: (68,365),(71,365),(71,367),(68,367)
"一個"bounds: (73,364),(88,364),(88,373),(73,373)
"人"bounds: (90,364),(111,364),(111,373),(90,373)
"並不是"bounds: (113,361),(148,361),(148,374),(113,374)
"天生"bounds: (139,364),(177,364),(177,373),(139,373)
"就要"bounds: (179,361),(208,361),(208,374),(179,374)
"被"bounds: (210,361),(220,361),(220,374),(210,374)
"打敗"bounds: (219,364),(230,364),(230,373),(219,373)
"的"bounds: (243,361),(257,361),(257,374),(243,374)
","bounds: (259,361),(262,361),(262,374),(259,374)
"你"bounds: (262,364),(273,364),(273,373),(262,373)
"盡"bounds: (275,361),(290,361),(290,374),(275,374)
"可以"bounds: (292,361),(313,361),(313,374),(292,374)
"肖"bounds: (315,361),(325,361),(325,374),(315,374)
"滅"bounds: (327,361),(344,361),(344,374),(327,374)
"他"bounds: (346,361),(355,361),(355,374),(346,374)
","bounds: (357,361),(358,361),(358,374),(357,374)
"卻"bounds: (360,361),(372,361),(372,374),(360,374)
"打"bounds: (374,361),(383,361),(383,374),(374,374)
"不敗"bounds: (385,365),(396,365),(396,373),(385,373)
"他"bounds: (398,364),(423,364),(423,373),(398,373)
"。"bounds: (428,367),(431,367),(431,370),(428,370)
"”"bounds: (438,365),(441,365),(441,367),(438,367)
"這"bounds: (443,365),(455,365),(455,373),(443,373)
"句話"bounds: (457,364),(482,364),(482,373),(457,373)
"出自"bounds: (484,364),(507,364),(507,373),(484,373)
"於"bounds: (510,364),(522,364),(522,373),(510,373)
"海明威"bounds: (64,375),(107,375),(107,390),(64,390)
"的"bounds: (109,375),(117,375),(117,390),(109,390)
"老人與海"bounds: (121,379),(180,379),(180,388),(121,388)
"。"bounds: (182,375),(184,375),(184,390),(182,390)
"這"bounds: (186,375),(203,375),(203,390),(186,390)
"句話"bounds: (213,379),(225,379),(225,388),(213,388)
"是"bounds: (227,379),(238,379),(238,388),(227,388)
"這"bounds: (240,375),(256,375),(256,390),(240,390)
"本書"bounds: (258,375),(280,375),(280,390),(258,390)
"的"bounds: (282,375),(291,375),(291,390),(282,390)
"精"bounds: (293,375),(309,375),(309,390),(293,390)
"苹"bounds: (311,375),(323,375),(323,390),(311,390)
","bounds: (325,375),(325,375),(325,390),(325,390)
"值得"bounds: (327,375),(352,375),(352,390),(327,390)
"人"bounds: (354,375),(357,375),(357,390),(354,390)
"深入"bounds: (363,379),(388,379),(388,388),(363,388)
"思考"bounds: (390,379),(422,379),(422,388),(390,388)
"。。"bounds: (424,375),(435,375),(435,390),(424,390)
"“"bounds: (659,361),(674,361),(674,375),(659,375)
"一個"bounds: (676,361),(699,361),(699,375),(676,375)
"人"bounds: (701,361),(712,361),(712,375),(701,375)
"並不是"bounds: (714,361),(752,361),(752,375),(714,375)
"天生"bounds: (754,361),(779,361),(779,375),(754,375)
"就要"bounds: (781,361),(809,361),(809,375),(781,375)
"被"bounds: (811,361),(819,361),(819,375),(811,375)
"打敗"bounds: (821,361),(844,361),(844,375),(821,375)
"的"bounds: (846,361),(857,361),(857,375),(846,375)
","bounds: (859,361),(862,361),(862,375),(859,375)
"你"bounds: (864,361),(874,361),(874,375),(864,375)
"盡"bounds: (876,361),(892,361),(892,375),(876,375)
"可以"bounds: (894,361),(917,361),(917,375),(894,375)
"消滅"bounds: (919,361),(937,361),(937,375),(919,375)
"他"bounds: (939,361),(954,361),(954,375),(939,375)
","bounds: (956,361),(957,361),(957,375),(956,375)
"卻"bounds: (959,361),(972,361),(972,375),(959,375)
"打"bounds: (974,361),(982,361),(982,375),(974,375)
"不敗"bounds: (984,361),(1014,361),(1014,375),(984,375)
"他"bounds: (1016,361),(1027,361),(1027,375),(1016,375)
"。"bounds: (1029,361),(1032,361),(1032,375),(1029,375)
"“"bounds: (1034,361),(1044,361),(1044,375),(1034,375)
"這"bounds: (1046,361),(1059,361),(1059,375),(1046,375)
"句話"bounds: (1061,361),(1084,361),(1084,375),(1061,375)
"出自"bounds: (1086,361),(1112,361),(1112,375),(1086,375)
"於"bounds: (1114,361),(1122,361),(1122,375),(1114,375)
"海明威"bounds: (666,376),(707,376),(707,389),(666,389)
"的"bounds: (709,376),(719,376),(719,389),(709,389)
"老人與海"bounds: (721,376),(782,376),(782,389),(721,389)
"。"bounds: (784,376),(784,376),(784,389),(784,389)
"這"bounds: (786,376),(803,376),(803,389),(786,389)
"句話"bounds: (805,376),(826,376),(826,389),(805,389)
"是"bounds: (828,376),(833,376),(833,389),(828,389)
"這"bounds: (835,376),(854,376),(854,389),(835,389)
"本書"bounds: (856,376),(880,376),(880,389),(856,389)
"的"bounds: (882,376),(889,376),(889,389),(882,389)
"精"bounds: (891,376),(908,376),(908,389),(891,389)
"苹"bounds: (910,376),(915,376),(915,389),(910,389)
","bounds: (917,376),(922,376),(922,389),(917,389)
"值得"bounds: (924,376),(950,376),(950,389),(924,389)
"人"bounds: (952,376),(964,376),(964,389),(952,389)
"深入"bounds: (966,376),(989,376),(989,389),(966,389)
"思考"bounds: (991,376),(1024,376),(1024,389),(991,389)
"。。"bounds: (1026,376),(1036,376),(1036,389),(1026,389)