
"0:1:8:200
一個人並不是天生就要被打敗的,你盡可以消滅他,卻打不敗他。”這句話出自於
海明威的老人與海。這句話是這本書的精苹,值得人深入思考。e
本書講述了老人聖地牙哥經過數。
0:1:7:833
"一個人並不是天生就要被打敗的,你盡可以消滅他,卻打不敗他。”這句話出自於
海明威的老人與海。這句話是這本書的精苹,值得人深入思考。e
本書講述了老人聖地牙两經過數
0:1:8:566
0:1:8:933
“一個人並不是天生就要被打敗的,你盡可以消減他,卻打不敗他。”這句話出自於
海明威的老人與海。這句話是這本書的精苹,值得人深入思考。e
本書講述了老人聖地牙哥經過數
一個人並不是天生就要被打敗的,你盡可以消滅他,卻打不敗他。”這句話出自於
海明威的老人與海。這句話是這本書的精苹,值得人深入思考。e
本書講述了老人聖地牙哥經過過數次
"bounds: (60,11),(1122,11),(1122,405),(60,405)
"0:1:8:200"bounds: (701,11),(818,12),(818,27),(701,26)
"一個"bounds: (668,39),(688,39),(688,48),(668,48)
"人"bounds: (690,39),(711,39),(711,48),(690,48)
"並不是"bounds: (713,35),(752,35),(752,50),(713,50)
"天生"bounds: (754,35),(778,35),(778,50),(754,50)
"就要"bounds: (780,35),(808,35),(808,50),(780,50)
"被"bounds: (810,35),(821,35),(821,50),(810,50)
"打敗"bounds: (823,35),(845,35),(845,50),(823,50)
"的"bounds: (847,35),(856,35),(856,50),(847,50)
","bounds: (859,46),(860,46),(860,47),(859,47)
"你"bounds: (862,39),(873,39),(873,48),(862,48)
"盡"bounds: (875,35),(890,35),(890,50),(875,50)
"可以"bounds: (892,35),(917,35),(917,50),(892,50)
"消滅"bounds: (915,39),(940,39),(940,48),(915,48)
"他"bounds: (942,35),(952,35),(952,50),(942,50)
","bounds: (955,46),(956,46),(956,48),(955,48)
"卻"bounds: (958,35),(970,35),(970,50),(958,50)
"打"bounds: (972,35),(984,35),(984,50),(972,50)
"不敗"bounds: (985,39),(1009,39),(1009,48),(985,48)
"他"bounds: (1011,39),(1031,39),(1031,48),(1011,48)
"。"bounds: (1033,35),(1034,35),(1034,50),(1033,50)
"”"bounds: (1038,40),(1041,40),(1041,42),(1038,42)
"這"bounds: (1043,35),(1053,35),(1053,50),(1043,50)
"句話"bounds: (1057,39),(1082,39),(1082,48),(1057,48)
"出自"bounds: (1084,39),(1107,39),(1107,48),(1084,48)
"於"bounds: (1110,39),(1121,39),(1121,48),(1110,48)
"海明威"bounds: (666,51),(707,51),(707,65),(666,65)
"的"bounds: (709,51),(719,51),(719,65),(709,65)
"老人與海"bounds: (721,54),(772,54),(772,63),(721,63)
"。"bounds: (777,57),(780,57),(780,60),(777,60)
"這"bounds: (787,55),(800,55),(800,63),(787,63)
"句話"bounds: (802,54),(825,54),(825,63),(802,63)
"是"bounds: (827,54),(838,54),(838,63),(827,63)
"這"bounds: (840,51),(852,51),(852,65),(840,65)
"本書"bounds: (854,51),(879,51),(879,65),(854,65)
"的"bounds: (881,51),(892,51),(892,65),(881,65)
"精"bounds: (894,51),(907,51),(907,65),(894,65)
"苹"bounds: (909,51),(919,51),(919,65),(909,65)
","bounds: (921,51),(922,51),(922,65),(921,65)
"值得"bounds: (923,54),(948,54),(948,63),(923,63)
"人"bounds: (950,54),(961,54),(961,63),(950,63)
"深入"bounds: (963,54),(988,54),(988,63),(963,63)
"思考"bounds: (990,54),(1014,54),(1014,63),(990,63)
"。e"bounds: (1020,57),(1035,57),(1035,60),(1020,60)
"本書"bounds: (666,66),(697,66),(697,80),(666,80)
"講述"bounds: (699,66),(719,66),(719,80),(699,80)
"了"bounds: (721,66),(732,66),(732,80),(721,80)
"老人"bounds: (734,66),(757,66),(757,80),(734,80)
"聖地牙哥"bounds: (759,66),(814,66),(814,80),(759,80)
"經過"bounds: (816,66),(839,66),(839,80),(816,80)
"數"bounds: (841,66),(852,66),(852,80),(841,80)
"。"bounds: (854,66),(857,66),(857,80),(854,80)
"0:1:7:833"bounds: (101,12),(218,12),(218,25),(101,25)
"""bounds: (60,35),(74,35),(74,49),(60,49)
"一個"bounds: (76,35),(99,35),(99,49),(76,49)
"人"bounds: (101,35),(111,35),(111,49),(101,49)
"並不是"bounds: (113,35),(151,35),(151,49),(113,49)
"天生"bounds: (153,35),(179,35),(179,49),(153,49)
"就要"bounds: (181,35),(209,35),(209,49),(181,49)
"被"bounds: (211,35),(221,35),(221,49),(211,49)
"打敗"bounds: (223,35),(244,35),(244,49),(223,49)
"的"bounds: (246,35),(256,35),(256,49),(246,49)
","bounds: (258,35),(261,35),(261,49),(258,49)
"你"bounds: (263,35),(274,35),(274,49),(263,49)
"盡"bounds: (276,35),(291,35),(291,49),(276,49)
"可以"bounds: (293,35),(316,35),(316,49),(293,49)
"消滅"bounds: (318,35),(339,35),(339,49),(318,49)
"他"bounds: (341,35),(354,35),(354,49),(341,49)
","bounds: (356,35),(359,35),(359,49),(356,49)
"卻"bounds: (361,35),(371,35),(371,49),(361,49)
"打"bounds: (373,35),(384,35),(384,49),(373,49)
"不敗"bounds: (386,35),(414,35),(414,49),(386,49)
"他"bounds: (416,35),(426,35),(426,49),(416,49)
"。"bounds: (428,35),(431,35),(431,49),(428,49)
"”"bounds: (433,35),(444,35),(444,49),(433,49)
"這"bounds: (446,35),(459,35),(459,49),(446,49)
"句話"bounds: (461,35),(484,35),(484,49),(461,49)
"出自"bounds: (486,35),(511,35),(511,49),(486,49)
"於"bounds: (513,35),(521,35),(521,49),(513,49)
"海明威"bounds: (66,50),(106,50),(106,64),(66,64)
"的"bounds: (108,50),(119,50),(119,64),(108,64)
"老人與海"bounds: (121,54),(180,54),(180,63),(121,63)
"。"bounds: (182,50),(184,50),(184,64),(182,64)
"這"bounds: (187,55),(200,55),(200,63),(187,63)
"句話"bounds: (202,54),(225,54),(225,63),(202,63)
"是"bounds: (227,54),(238,54),(238,63),(227,63)
"這"bounds: (240,50),(249,50),(249,64),(240,64)
"本書"bounds: (251,50),(281,50),(281,64),(251,64)
"的"bounds: (283,50),(291,50),(291,64),(283,64)
"精"bounds: (293,50),(309,50),(309,64),(293,64)
"苹"bounds: (311,50),(319,50),(319,64),(311,64)
","bounds: (321,50),(321,50),(321,64),(321,64)
"值得"bounds: (323,50),(349,50),(349,64),(323,64)
"人"bounds: (351,50),(364,50),(364,64),(351,64)
"深入"bounds: (363,54),(388,54),(388,63),(363,63)
"思考"bounds: (390,54),(422,54),(422,63),(390,63)
"。e"bounds: (429,57),(435,57),(435,59),(429,59)
"本書"bounds: (65,65),(96,65),(96,78),(65,78)
"講述"bounds: (98,65),(120,65),(120,78),(98,78)
"了"bounds: (122,65),(136,65),(136,78),(122,78)
"老人"bounds: (138,65),(159,65),(159,78),(138,78)
"聖地"bounds: (161,65),(187,65),(187,78),(161,78)
"牙"bounds: (189,65),(201,65),(201,78),(189,78)
"两"bounds: (203,66),(215,66),(215,79),(203,79)
"經過"bounds: (217,66),(234,66),(234,79),(217,79)
"數"bounds: (236,66),(255,66),(255,79),(236,79)
"0:1:8:566"bounds: (101,336),(218,335),(218,350),(101,351)
"0:1:8:933"bounds: (701,337),(818,336),(818,350),(701,351)
"“"bounds: (60,361),(74,361),(74,375),(60,375)
"一個"bounds: (76,361),(99,361),(99,375),(76,375)
"人"bounds: (101,361),(111,361),(111,375),(101,375)
"並不是"bounds: (113,361),(151,361),(151,375),(113,375)
"天生"bounds: (153,361),(179,361),(179,375),(153,375)
"就要"bounds: (181,361),(209,361),(209,375),(181,375)
"被"bounds: (211,361),(221,361),(221,375),(211,375)
"打敗"bounds: (223,361),(244,361),(244,375),(223,375)
"的"bounds: (246,361),(256,361),(256,375),(246,375)
","bounds: (258,361),(261,361),(261,375),(258,375)
"你"bounds: (263,361),(274,361),(274,375),(263,375)
"盡"bounds: (276,361),(291,361),(291,375),(276,375)
"可以"bounds: (293,361),(316,361),(316,375),(293,375)
"消減"bounds: (318,361),(339,361),(339,375),(318,375)
"他"bounds: (341,361),(354,361),(354,375),(341,375)
","bounds: (356,361),(359,361),(359,375),(356,375)
"卻"bounds: (361,361),(371,361),(371,375),(361,375)
"打"bounds: (373,361),(384,361),(384,375),(373,375)
"不敗"bounds: (386,361),(414,361),(414,375),(386,375)
"他"bounds: (416,361),(426,361),(426,375),(416,375)
"。"bounds: (428,361),(431,361),(431,375),(428,375)
"”"bounds: (433,361),(444,361),(444,375),(433,375)
"這"bounds: (446,361),(459,361),(459,375),(446,375)
"句話"bounds: (461,361),(484,361),(484,375),(461,375)
"出自"bounds: (486,361),(511,361),(511,375),(486,375)
"於"bounds: (513,361),(519,361),(519,375),(513,375)
"海明威"bounds: (64,376),(108,376),(108,390),(64,390)
"的"bounds: (110,376),(118,376),(118,390),(110,390)
"老人與海"bounds: (121,379),(172,379),(172,388),(121,388)
"。"bounds: (177,382),(180,382),(180,385),(177,385)
"這"bounds: (187,380),(200,380),(200,388),(187,388)
"句話"bounds: (202,379),(225,379),(225,388),(202,388)
"是"bounds: (227,379),(238,379),(238,388),(227,388)
"這"bounds: (240,376),(253,376),(253,390),(240,390)
"本書"bounds: (255,376),(280,376),(280,390),(255,390)
"的"bounds: (282,376),(290,376),(290,390),(282,390)
"精"bounds: (292,376),(308,376),(308,390),(292,390)
"苹"bounds: (310,376),(320,376),(320,390),(310,390)
","bounds: (322,376),(323,376),(323,390),(322,390)
"值得"bounds: (336,379),(348,379),(348,388),(336,388)
"人"bounds: (350,379),(361,379),(361,388),(350,388)
"深入"bounds: (363,379),(388,379),(388,388),(363,388)
"思考"bounds: (390,379),(414,379),(414,388),(390,388)
"。e"bounds: (420,382),(435,382),(435,385),(420,385)
"本書"bounds: (66,391),(95,391),(95,405),(66,405)
"講述"bounds: (97,391),(120,391),(120,405),(97,405)
"了"bounds: (122,391),(133,391),(133,405),(122,405)
"老人"bounds: (135,391),(155,391),(155,405),(135,405)
"聖地牙哥"bounds: (157,391),(215,391),(215,405),(157,405)
"經過"bounds: (217,391),(240,391),(240,405),(217,405)
"數"bounds: (242,391),(250,391),(250,405),(242,405)
"一個"bounds: (668,364),(688,364),(688,373),(668,373)
"人"bounds: (690,364),(711,364),(711,373),(690,373)
"並不是"bounds: (713,360),(753,360),(753,374),(713,374)
"天生"bounds: (755,360),(780,360),(780,374),(755,374)
"就要"bounds: (782,360),(808,360),(808,374),(782,374)
"被"bounds: (810,360),(820,360),(820,374),(810,374)
"打敗"bounds: (819,364),(830,364),(830,373),(819,373)
"的"bounds: (842,360),(858,360),(858,374),(842,374)
","bounds: (860,360),(860,360),(860,374),(860,374)
"你"bounds: (862,360),(873,360),(873,374),(862,374)
"盡"bounds: (875,360),(890,360),(890,374),(875,374)
"可以"bounds: (892,360),(915,360),(915,374),(892,374)
"消滅"bounds: (917,360),(938,360),(938,374),(917,374)
"他"bounds: (940,360),(955,360),(955,374),(940,374)
","bounds: (957,360),(958,360),(958,374),(957,374)
"卻"bounds: (960,360),(970,360),(970,374),(960,374)
"打"bounds: (972,360),(983,360),(983,374),(972,374)
"不敗"bounds: (985,360),(1013,360),(1013,374),(985,374)
"他"bounds: (1015,360),(1025,360),(1025,374),(1015,374)
"。"bounds: (1028,367),(1031,367),(1031,370),(1028,370)
"”"bounds: (1038,365),(1041,365),(1041,367),(1038,367)
"這"bounds: (1043,365),(1055,365),(1055,373),(1043,373)
"句話"bounds: (1057,364),(1082,364),(1082,373),(1057,373)
"出自"bounds: (1084,364),(1107,364),(1107,373),(1084,373)
"於"bounds: (1110,364),(1122,364),(1122,373),(1110,373)
"海明威"bounds: (664,376),(708,376),(708,390),(664,390)
"的"bounds: (710,376),(718,376),(718,390),(710,390)
"老人與海"bounds: (721,379),(772,379),(772,388),(721,388)
"。"bounds: (777,382),(780,382),(780,385),(777,385)
"這"bounds: (787,380),(800,380),(800,388),(787,388)
"句話"bounds: (802,379),(825,379),(825,388),(802,388)
"是"bounds: (827,379),(838,379),(838,388),(827,388)
"這"bounds: (840,376),(853,376),(853,390),(840,390)
"本書"bounds: (855,376),(880,376),(880,390),(855,390)
"的"bounds: (882,376),(890,376),(890,390),(882,390)
"精"bounds: (892,376),(908,376),(908,390),(892,390)
"苹"bounds: (910,376),(920,376),(920,390),(910,390)
","bounds: (922,376),(923,376),(923,390),(922,390)
"值得"bounds: (936,379),(948,379),(948,388),(936,388)
"人"bounds: (950,379),(961,379),(961,388),(950,388)
"深入"bounds: (963,379),(988,379),(988,388),(963,388)
"思考"bounds: (990,379),(1014,379),(1014,388),(990,388)
"。e"bounds: (1020,382),(1035,382),(1035,385),(1020,385)
"本書"bounds: (666,391),(695,391),(695,404),(666,404)
"講述"bounds: (697,391),(721,391),(721,404),(697,404)
"了"bounds: (723,391),(735,391),(735,404),(723,404)
"老人"bounds: (737,391),(758,391),(758,404),(737,404)
"聖地牙哥"bounds: (760,391),(814,391),(814,405),(760,405)
"經過"bounds: (816,392),(833,392),(833,405),(816,405)
"過"bounds: (835,392),(838,392),(838,405),(835,405)
"數次"bounds: (840,392),(866,392),(866,405),(840,405)