
"0:1:25:433
0:1:25:800
"一個人並不是天生就要被打敗的,你盡可以消滅他,卻打不敗他。”這句話出自於
海明威的老人與海。這句話是這本書的精苹,值得人深入思考。e
本書講述了老人聖地牙哥經過數次與沙魚搏門及他捕魚的經驗
“一個人並不是天生就要被打敗的,你盡可以消滅他,卻打不敗他。”這句話出自於
海明威的老人與海。這句話是這本書的精苹,值得人深入思考。e
本書講述了老人聖地牙哥經過數次與沙魚搏鬥及他捕魚的經驗,日ォト
0:1:26:166
0:1:26:533
“一個人並不是天生就要被打敗的,你盡可以肖滅他,卻打不敗他。”這句話出自於
海明威的老人與海。這句話是這本書的精苹,值得人深入思考。。
本書講述了老人聖地牙哥經過數次與沙魚搏門及他捕魚的經驗讓が。
一個人並不是天生就要被打敗的,你盡可以消滅他,卻打不敗他。”這句話出自於
海明威的老人與海。這句話是這本書的精苹,值得人深入思考。e
本書講述了老人聖地牙哥經過數次與沙魚搏門及他捕魚的經驗讓他
"bounds: (59,12),(1122,12),(1122,405),(59,405)
"0:1:25:433"bounds: (101,12),(234,12),(234,25),(101,25)
"0:1:25:800"bounds: (701,12),(834,12),(834,25),(701,25)
"""bounds: (59,36),(73,36),(73,50),(59,50)
"一個"bounds: (75,36),(100,36),(100,50),(75,50)
"人"bounds: (102,36),(113,36),(113,50),(102,50)
"並不是"bounds: (115,36),(153,36),(153,50),(115,50)
"天生"bounds: (155,36),(180,36),(180,50),(155,50)
"就要"bounds: (182,36),(208,36),(208,50),(182,50)
"被"bounds: (210,36),(220,36),(220,50),(210,50)
"打敗"bounds: (222,36),(245,36),(245,50),(222,50)
"的"bounds: (247,36),(255,36),(255,50),(247,50)
","bounds: (257,36),(260,36),(260,50),(257,50)
"你"bounds: (262,36),(273,36),(273,50),(262,50)
"盡"bounds: (275,36),(290,36),(290,50),(275,50)
"可以"bounds: (292,36),(315,36),(315,50),(292,50)
"消滅"bounds: (317,36),(338,36),(338,50),(317,50)
"他"bounds: (340,36),(353,36),(353,50),(340,50)
","bounds: (355,36),(358,36),(358,50),(355,50)
"卻"bounds: (360,36),(373,36),(373,50),(360,50)
"打"bounds: (375,36),(383,36),(383,50),(375,50)
"不敗"bounds: (385,36),(413,36),(413,50),(385,50)
"他"bounds: (415,36),(425,36),(425,50),(415,50)
"。"bounds: (427,36),(433,36),(433,50),(427,50)
"”"bounds: (435,36),(443,36),(443,50),(435,50)
"這"bounds: (445,36),(460,36),(460,50),(445,50)
"句話"bounds: (462,36),(483,36),(483,50),(462,50)
"出自"bounds: (485,36),(510,36),(510,50),(485,50)
"於"bounds: (512,36),(520,36),(520,50),(512,50)
"海明威"bounds: (66,50),(106,50),(106,64),(66,64)
"的"bounds: (108,50),(119,50),(119,64),(108,64)
"老人與海"bounds: (121,54),(180,54),(180,63),(121,63)
"。"bounds: (182,50),(184,50),(184,64),(182,64)
"這"bounds: (187,55),(200,55),(200,63),(187,63)
"句話"bounds: (202,54),(225,54),(225,63),(202,63)
"是"bounds: (227,54),(238,54),(238,63),(227,63)
"這"bounds: (240,50),(249,50),(249,64),(240,64)
"本書"bounds: (251,50),(281,50),(281,64),(251,64)
"的"bounds: (283,50),(291,50),(291,64),(283,64)
"精"bounds: (293,50),(309,50),(309,64),(293,64)
"苹"bounds: (311,50),(319,50),(319,64),(311,64)
","bounds: (321,50),(321,50),(321,64),(321,64)
"值得"bounds: (323,50),(349,50),(349,64),(323,64)
"人"bounds: (351,50),(364,50),(364,64),(351,64)
"深入"bounds: (363,54),(388,54),(388,63),(363,63)
"思考"bounds: (390,54),(414,54),(414,63),(390,63)
"。e"bounds: (420,57),(435,57),(435,60),(420,60)
"本書"bounds: (66,66),(95,66),(95,80),(66,80)
"講述"bounds: (97,66),(120,66),(120,80),(97,80)
"了"bounds: (122,66),(133,66),(133,80),(122,80)
"老人"bounds: (135,66),(155,66),(155,80),(135,80)
"聖地牙哥"bounds: (157,66),(215,66),(215,80),(157,80)
"經過"bounds: (217,66),(240,66),(240,80),(217,80)
"數次"bounds: (242,66),(268,66),(268,80),(242,80)
"與"bounds: (270,66),(280,66),(280,80),(270,80)
"沙"bounds: (282,66),(293,66),(293,80),(282,80)
"魚"bounds: (295,66),(305,66),(305,80),(295,80)
"搏"bounds: (307,66),(320,66),(320,80),(307,80)
"門"bounds: (322,66),(335,66),(335,80),(322,80)
"及"bounds: (337,66),(343,66),(343,80),(337,80)
"他"bounds: (345,66),(358,66),(358,80),(345,80)
"捕魚"bounds: (360,66),(385,66),(385,80),(360,80)
"的"bounds: (387,66),(395,66),(395,80),(387,80)
"經驗"bounds: (397,66),(428,66),(428,80),(397,80)
"“"bounds: (668,40),(671,40),(671,42),(668,42)
"一個"bounds: (673,39),(688,39),(688,48),(673,48)
"人"bounds: (690,39),(711,39),(711,48),(690,48)
"並不是"bounds: (713,35),(753,35),(753,50),(713,50)
"天生"bounds: (755,35),(779,35),(779,50),(755,50)
"就要"bounds: (781,35),(809,35),(809,50),(781,50)
"被"bounds: (811,35),(822,35),(822,50),(811,50)
"打敗"bounds: (819,39),(830,39),(830,48),(819,48)
"的"bounds: (843,35),(854,35),(854,50),(843,50)
","bounds: (859,46),(860,46),(860,47),(859,47)
"你"bounds: (862,39),(873,39),(873,48),(862,48)
"盡"bounds: (875,35),(891,35),(891,50),(875,50)
"可以"bounds: (902,39),(913,39),(913,48),(902,48)
"消滅"bounds: (915,39),(940,39),(940,48),(915,48)
"他"bounds: (942,35),(953,35),(953,50),(942,50)
","bounds: (955,35),(955,35),(955,50),(955,50)
"卻"bounds: (957,35),(971,35),(971,50),(957,50)
"打"bounds: (973,35),(985,35),(985,50),(973,50)
"不敗"bounds: (985,39),(1009,39),(1009,48),(985,48)
"他"bounds: (1011,39),(1023,39),(1023,48),(1011,48)
"。"bounds: (1028,42),(1031,42),(1031,45),(1028,45)
"”"bounds: (1038,40),(1041,40),(1041,42),(1038,42)
"這"bounds: (1043,35),(1054,35),(1054,50),(1043,50)
"句話"bounds: (1057,39),(1082,39),(1082,48),(1057,48)
"出自"bounds: (1084,39),(1107,39),(1107,48),(1084,48)
"於"bounds: (1110,39),(1121,39),(1121,48),(1110,48)
"海明威"bounds: (666,50),(706,50),(706,64),(666,64)
"的"bounds: (708,50),(719,50),(719,64),(708,64)
"老人與海"bounds: (721,54),(780,54),(780,63),(721,63)
"。"bounds: (782,50),(784,50),(784,64),(782,64)
"這"bounds: (787,55),(800,55),(800,63),(787,63)
"句話"bounds: (802,54),(825,54),(825,63),(802,63)
"是"bounds: (827,54),(838,54),(838,63),(827,63)
"這"bounds: (840,50),(849,50),(849,64),(840,64)
"本書"bounds: (851,50),(881,50),(881,64),(851,64)
"的"bounds: (883,50),(891,50),(891,64),(883,64)
"精"bounds: (893,50),(909,50),(909,64),(893,64)
"苹"bounds: (911,50),(919,50),(919,64),(911,64)
","bounds: (921,50),(921,50),(921,64),(921,64)
"值得"bounds: (923,50),(949,50),(949,64),(923,64)
"人"bounds: (951,50),(964,50),(964,64),(951,64)
"深入"bounds: (963,54),(988,54),(988,63),(963,63)
"思考"bounds: (990,54),(1014,54),(1014,63),(990,63)
"。e"bounds: (1020,57),(1035,57),(1035,60),(1020,60)
"本書"bounds: (667,69),(692,69),(692,78),(667,78)
"講述"bounds: (694,69),(719,69),(719,78),(694,78)
"了"bounds: (721,65),(731,65),(731,79),(721,79)
"老人"bounds: (733,65),(756,65),(756,79),(733,79)
"聖地牙哥"bounds: (758,65),(814,65),(814,79),(758,79)
"經過"bounds: (800,69),(838,69),(838,78),(800,78)
"數次"bounds: (840,69),(865,69),(865,78),(840,78)
"與"bounds: (867,69),(878,69),(878,78),(867,78)
"沙"bounds: (880,70),(881,70),(881,78),(880,78)
"魚"bounds: (891,65),(906,65),(906,79),(891,79)
"搏鬥"bounds: (920,69),(931,69),(931,78),(920,78)
"及"bounds: (933,65),(941,65),(941,79),(933,79)
"他"bounds: (943,65),(961,65),(961,79),(943,79)
"捕魚"bounds: (963,65),(986,65),(986,79),(963,79)
"的"bounds: (988,65),(996,65),(996,79),(988,79)
"經驗"bounds: (998,65),(1029,65),(1029,79),(998,79)
","bounds: (1031,65),(1031,65),(1031,79),(1031,79)
"日"bounds: (1033,65),(1041,65),(1041,79),(1033,79)
"ォ"bounds: (1042,69),(1053,69),(1053,78),(1042,78)
"ト"bounds: (1055,68),(1061,68),(1061,79),(1055,79)
"0:1:26:166"bounds: (101,336),(234,335),(234,350),(101,351)
"0:1:26:533"bounds: (701,336),(834,335),(834,350),(701,351)
"“"bounds: (68,365),(71,365),(71,367),(68,367)
"一個"bounds: (73,364),(88,364),(88,373),(73,373)
"人"bounds: (90,364),(111,364),(111,373),(90,373)
"並不是"bounds: (113,361),(148,361),(148,374),(113,374)
"天生"bounds: (139,364),(177,364),(177,373),(139,373)
"就要"bounds: (179,361),(208,361),(208,374),(179,374)
"被"bounds: (210,361),(220,361),(220,374),(210,374)
"打敗"bounds: (219,364),(230,364),(230,373),(219,373)
"的"bounds: (243,361),(257,361),(257,374),(243,374)
","bounds: (259,361),(262,361),(262,374),(259,374)
"你"bounds: (262,364),(273,364),(273,373),(262,373)
"盡"bounds: (275,361),(290,361),(290,374),(275,374)
"可以"bounds: (292,361),(313,361),(313,374),(292,374)
"肖"bounds: (315,361),(325,361),(325,374),(315,374)
"滅"bounds: (327,361),(344,361),(344,374),(327,374)
"他"bounds: (346,361),(355,361),(355,374),(346,374)
","bounds: (357,361),(358,361),(358,374),(357,374)
"卻"bounds: (360,361),(372,361),(372,374),(360,374)
"打"bounds: (374,361),(383,361),(383,374),(374,374)
"不敗"bounds: (385,365),(396,365),(396,373),(385,373)
"他"bounds: (398,364),(423,364),(423,373),(398,373)
"。"bounds: (428,367),(431,367),(431,370),(428,370)
"”"bounds: (438,365),(441,365),(441,367),(438,367)
"這"bounds: (443,365),(455,365),(455,373),(443,373)
"句話"bounds: (457,364),(482,364),(482,373),(457,373)
"出自"bounds: (484,364),(507,364),(507,373),(484,373)
"於"bounds: (510,364),(522,364),(522,373),(510,373)
"海明威"bounds: (66,376),(107,376),(107,389),(66,389)
"的"bounds: (109,376),(119,376),(119,389),(109,389)
"老人與海"bounds: (121,376),(182,376),(182,389),(121,389)
"。"bounds: (184,376),(184,376),(184,389),(184,389)
"這"bounds: (186,376),(203,376),(203,389),(186,389)
"句話"bounds: (205,376),(226,376),(226,389),(205,389)
"是"bounds: (228,376),(233,376),(233,389),(228,389)
"這"bounds: (235,376),(254,376),(254,389),(235,389)
"本書"bounds: (256,376),(280,376),(280,389),(256,389)
"的"bounds: (282,376),(289,376),(289,389),(282,389)
"精"bounds: (291,376),(308,376),(308,389),(291,389)
"苹"bounds: (310,376),(315,376),(315,389),(310,389)
","bounds: (317,376),(322,376),(322,389),(317,389)
"值得"bounds: (324,376),(350,376),(350,389),(324,389)
"人"bounds: (352,376),(364,376),(364,389),(352,389)
"深入"bounds: (366,376),(389,376),(389,389),(366,389)
"思考"bounds: (391,376),(424,376),(424,389),(391,389)
"。。"bounds: (426,376),(436,376),(436,389),(426,389)
"本書"bounds: (67,394),(92,394),(92,403),(67,403)
"講述"bounds: (94,394),(119,394),(119,403),(94,403)
"了"bounds: (121,395),(131,395),(131,403),(121,403)
"老人"bounds: (133,391),(155,391),(155,405),(133,405)
"聖地牙哥"bounds: (157,391),(215,391),(215,405),(157,405)
"經過"bounds: (200,394),(238,394),(238,403),(200,403)
"數次"bounds: (240,394),(265,394),(265,403),(240,403)
"與"bounds: (267,394),(278,394),(278,403),(267,403)
"沙"bounds: (280,395),(281,395),(281,403),(280,403)
"魚"bounds: (290,391),(305,391),(305,405),(290,405)
"搏"bounds: (307,391),(320,391),(320,405),(307,405)
"門"bounds: (320,394),(331,394),(331,403),(320,403)
"及"bounds: (333,391),(343,391),(343,405),(333,405)
"他"bounds: (345,391),(358,391),(358,405),(345,405)
"捕魚"bounds: (360,391),(385,391),(385,405),(360,405)
"的"bounds: (387,391),(395,391),(395,405),(387,405)
"經驗"bounds: (397,391),(430,391),(430,405),(397,405)
"讓"bounds: (432,391),(448,391),(448,405),(432,405)
"が"bounds: (450,391),(458,391),(458,405),(450,405)
"。"bounds: (461,398),(461,398),(461,398),(461,398)
"一個"bounds: (668,364),(688,364),(688,373),(668,373)
"人"bounds: (690,364),(711,364),(711,373),(690,373)
"並不是"bounds: (713,360),(753,360),(753,374),(713,374)
"天生"bounds: (755,360),(780,360),(780,374),(755,374)
"就要"bounds: (782,360),(808,360),(808,374),(782,374)
"被"bounds: (810,360),(820,360),(820,374),(810,374)
"打敗"bounds: (819,364),(830,364),(830,373),(819,373)
"的"bounds: (842,360),(858,360),(858,374),(842,374)
","bounds: (860,360),(860,360),(860,374),(860,374)
"你"bounds: (862,360),(873,360),(873,374),(862,374)
"盡"bounds: (875,360),(890,360),(890,374),(875,374)
"可以"bounds: (892,360),(915,360),(915,374),(892,374)
"消滅"bounds: (917,360),(938,360),(938,374),(917,374)
"他"bounds: (940,360),(955,360),(955,374),(940,374)
","bounds: (957,360),(958,360),(958,374),(957,374)
"卻"bounds: (960,360),(970,360),(970,374),(960,374)
"打"bounds: (972,360),(983,360),(983,374),(972,374)
"不敗"bounds: (985,360),(1013,360),(1013,374),(985,374)
"他"bounds: (1015,360),(1025,360),(1025,374),(1015,374)
"。"bounds: (1028,367),(1031,367),(1031,370),(1028,370)
"”"bounds: (1038,365),(1041,365),(1041,367),(1038,367)
"這"bounds: (1043,365),(1055,365),(1055,373),(1043,373)
"句話"bounds: (1057,364),(1082,364),(1082,373),(1057,373)
"出自"bounds: (1084,364),(1107,364),(1107,373),(1084,373)
"於"bounds: (1110,364),(1122,364),(1122,373),(1110,373)
"海明威"bounds: (664,376),(708,376),(708,390),(664,390)
"的"bounds: (710,376),(718,376),(718,390),(710,390)
"老人與海"bounds: (721,379),(772,379),(772,388),(721,388)
"。"bounds: (777,382),(780,382),(780,385),(777,385)
"這"bounds: (787,380),(800,380),(800,388),(787,388)
"句話"bounds: (802,379),(825,379),(825,388),(802,388)
"是"bounds: (827,379),(838,379),(838,388),(827,388)
"這"bounds: (840,376),(853,376),(853,390),(840,390)
"本書"bounds: (855,376),(880,376),(880,390),(855,390)
"的"bounds: (882,376),(890,376),(890,390),(882,390)
"精"bounds: (892,376),(908,376),(908,390),(892,390)
"苹"bounds: (910,376),(920,376),(920,390),(910,390)
","bounds: (922,376),(923,376),(923,390),(922,390)
"值得"bounds: (925,376),(950,376),(950,390),(925,390)
"人"bounds: (952,376),(963,376),(963,390),(952,390)
"深入"bounds: (963,379),(988,379),(988,388),(963,388)
"思考"bounds: (990,379),(1014,379),(1014,388),(990,388)
"。e"bounds: (1020,382),(1035,382),(1035,385),(1020,385)
"本書"bounds: (667,394),(692,394),(692,403),(667,403)
"講述"bounds: (694,394),(719,394),(719,403),(694,403)
"了"bounds: (721,391),(731,391),(731,405),(721,405)
"老人"bounds: (733,391),(756,391),(756,405),(733,405)
"聖地牙哥"bounds: (758,391),(814,391),(814,405),(758,405)
"經過"bounds: (800,394),(838,394),(838,403),(800,403)
"數次"bounds: (840,394),(865,394),(865,403),(840,403)
"與"bounds: (867,394),(878,394),(878,403),(867,403)
"沙"bounds: (880,395),(881,395),(881,403),(880,403)
"魚"bounds: (891,391),(906,391),(906,405),(891,405)
"搏"bounds: (908,391),(921,391),(921,405),(908,405)
"門"bounds: (920,394),(931,394),(931,403),(920,403)
"及"bounds: (933,391),(941,391),(941,405),(933,405)
"他"bounds: (943,391),(959,391),(959,405),(943,405)
"捕魚"bounds: (961,391),(986,391),(986,405),(961,405)
"的"bounds: (988,391),(996,391),(996,405),(988,405)
"經驗"bounds: (998,391),(1029,391),(1029,405),(998,405)
"讓"bounds: (1031,391),(1046,391),(1046,405),(1031,405)
"他"bounds: (1048,391),(1056,391),(1056,405),(1048,405)