
"0:1:32:766
0:1:33:133
"一個人並不是天生就要被打敗的,你盡可以消滅他,卻打不敗他。”這句話出自於
海明威的老人與海。這句話是這本書的精苹,值得人深入思考。…
本書講述了老人聖地牙哥經過數次與沙魚搏門及他捕魚的經驗讓他捕獲了一條
鯊魚。再。
“一個人並不是天生就要被打敗的,你盡可以消滅他,卻打不敗他。“這句話出自於
海明威的老人與海。這句話是這本書的精苹,值得人深入思考。e
本書講述了老人聖地牙哥經過數次與沙魚搏門及他捕魚的經驗讓他捕獲了一條
鯊魚。再为名
0:1:33:500
0:1:33:866
“一個人並不是天生就要被打敗的,你盡可以消滅他,卻打不敗他。”這句話出自於
海明威的老人與海。這句話是這本書的精苹,值得人深入思考。。
本書講述了老人聖地牙哥經過數次與沙魚搏門及他捕魚的經驗讓他捕獲了一條
鯊魚在老回。
“一個人並不是天生就要被打敗的,你盡可以消滅他,卻打不敗他。“這句話出自於
海明威的老人與海。這句話是這本書的精苹,值得人深入思考。e
本書講述了老人聖地牙哥經過數次與沙魚搏門及他捕魚的經驗讓他捕獲了一條
鯊魚在老人上
"bounds: (60,11),(1121,11),(1121,419),(60,419)
"0:1:32:766"bounds: (101,12),(234,11),(234,25),(101,26)
"0:1:33:133"bounds: (701,12),(834,12),(834,25),(701,25)
"""bounds: (60,35),(74,35),(74,49),(60,49)
"一個"bounds: (76,35),(99,35),(99,49),(76,49)
"人"bounds: (101,35),(111,35),(111,49),(101,49)
"並不是"bounds: (113,35),(151,35),(151,49),(113,49)
"天生"bounds: (153,35),(179,35),(179,49),(153,49)
"就要"bounds: (181,35),(209,35),(209,49),(181,49)
"被"bounds: (211,35),(221,35),(221,49),(211,49)
"打敗"bounds: (223,35),(244,35),(244,49),(223,49)
"的"bounds: (246,35),(256,35),(256,49),(246,49)
","bounds: (258,35),(261,35),(261,49),(258,49)
"你"bounds: (263,35),(274,35),(274,49),(263,49)
"盡"bounds: (276,35),(291,35),(291,49),(276,49)
"可以"bounds: (293,35),(316,35),(316,49),(293,49)
"消滅"bounds: (318,35),(339,35),(339,49),(318,49)
"他"bounds: (341,35),(354,35),(354,49),(341,49)
","bounds: (356,35),(359,35),(359,49),(356,49)
"卻"bounds: (361,35),(371,35),(371,49),(361,49)
"打"bounds: (373,35),(384,35),(384,49),(373,49)
"不敗"bounds: (386,35),(414,35),(414,49),(386,49)
"他"bounds: (416,35),(426,35),(426,49),(416,49)
"。"bounds: (428,35),(431,35),(431,49),(428,49)
"”"bounds: (433,35),(444,35),(444,49),(433,49)
"這"bounds: (446,35),(459,35),(459,49),(446,49)
"句話"bounds: (461,35),(484,35),(484,49),(461,49)
"出自"bounds: (486,35),(511,35),(511,49),(486,49)
"於"bounds: (513,35),(521,35),(521,49),(513,49)
"海明威"bounds: (64,52),(108,52),(108,65),(64,65)
"的"bounds: (110,52),(117,52),(117,65),(110,65)
"老人與海"bounds: (121,54),(172,54),(172,64),(121,64)
"。"bounds: (177,57),(180,57),(180,60),(177,60)
"這"bounds: (187,55),(198,55),(198,64),(187,64)
"句話"bounds: (201,54),(225,54),(225,64),(201,64)
"是"bounds: (227,51),(234,51),(234,64),(227,64)
"這"bounds: (240,55),(251,55),(251,63),(240,63)
"本書"bounds: (253,51),(281,51),(281,64),(253,64)
"的"bounds: (283,51),(285,51),(285,64),(283,64)
"精"bounds: (287,51),(306,51),(306,64),(287,64)
"苹"bounds: (308,51),(316,51),(316,64),(308,64)
","bounds: (318,51),(320,51),(320,64),(318,64)
"值得"bounds: (322,51),(348,51),(348,64),(322,64)
"人"bounds: (350,51),(362,51),(362,64),(350,64)
"深入"bounds: (363,54),(387,54),(387,63),(363,63)
"思考"bounds: (390,55),(414,55),(414,64),(390,64)
"。"bounds: (420,57),(422,57),(422,60),(420,60)
"…"bounds: (429,57),(435,57),(435,59),(429,59)
"本書"bounds: (67,69),(92,69),(92,78),(67,78)
"講述"bounds: (94,69),(119,69),(119,78),(94,78)
"了"bounds: (121,70),(131,70),(131,78),(121,78)
"老人"bounds: (133,66),(155,66),(155,80),(133,80)
"聖地牙哥"bounds: (157,66),(215,66),(215,80),(157,80)
"經過"bounds: (200,69),(238,69),(238,78),(200,78)
"數次"bounds: (240,69),(265,69),(265,78),(240,78)
"與"bounds: (267,69),(278,69),(278,78),(267,78)
"沙"bounds: (280,70),(281,70),(281,78),(280,78)
"魚"bounds: (290,66),(308,66),(308,80),(290,80)
"搏"bounds: (310,66),(320,66),(320,80),(310,80)
"門"bounds: (322,66),(335,66),(335,80),(322,80)
"及"bounds: (337,66),(343,66),(343,80),(337,80)
"他"bounds: (345,66),(358,66),(358,80),(345,80)
"捕魚"bounds: (360,66),(385,66),(385,80),(360,80)
"的"bounds: (387,66),(395,66),(395,80),(387,80)
"經驗"bounds: (397,66),(428,66),(428,80),(397,80)
"讓"bounds: (429,69),(441,69),(441,78),(429,78)
"他"bounds: (443,69),(454,69),(454,78),(443,78)
"捕獲"bounds: (456,69),(480,69),(480,78),(456,78)
"了"bounds: (482,70),(493,70),(493,78),(482,78)
"一條"bounds: (495,69),(520,69),(520,78),(495,78)
"鯊魚"bounds: (69,80),(93,80),(93,93),(69,93)
"。"bounds: (95,80),(98,80),(98,93),(95,93)
"再"bounds: (100,80),(112,80),(112,93),(100,93)
"。"bounds: (114,80),(119,80),(119,93),(114,93)
"“"bounds: (659,36),(674,36),(674,50),(659,50)
"一個"bounds: (676,36),(699,36),(699,50),(676,50)
"人"bounds: (701,36),(712,36),(712,50),(701,50)
"並不是"bounds: (714,36),(752,36),(752,50),(714,50)
"天生"bounds: (754,36),(779,36),(779,50),(754,50)
"就要"bounds: (781,36),(809,36),(809,50),(781,50)
"被"bounds: (811,36),(819,36),(819,50),(811,50)
"打敗"bounds: (821,36),(844,36),(844,50),(821,50)
"的"bounds: (846,36),(857,36),(857,50),(846,50)
","bounds: (859,36),(862,36),(862,50),(859,50)
"你"bounds: (864,36),(872,36),(872,50),(864,50)
"盡"bounds: (874,36),(892,36),(892,50),(874,50)
"可以"bounds: (894,36),(917,36),(917,50),(894,50)
"消滅"bounds: (919,36),(937,36),(937,50),(919,50)
"他"bounds: (939,36),(954,36),(954,50),(939,50)
","bounds: (956,36),(957,36),(957,50),(956,50)
"卻"bounds: (959,36),(972,36),(972,50),(959,50)
"打"bounds: (974,36),(982,36),(982,50),(974,50)
"不敗"bounds: (984,36),(1014,36),(1014,50),(984,50)
"他"bounds: (1016,36),(1027,36),(1027,50),(1016,50)
"。"bounds: (1029,36),(1032,36),(1032,50),(1029,50)
"“"bounds: (1034,36),(1044,36),(1044,50),(1034,50)
"這"bounds: (1046,36),(1059,36),(1059,50),(1046,50)
"句話"bounds: (1061,36),(1084,36),(1084,50),(1061,50)
"出自"bounds: (1086,36),(1112,36),(1112,50),(1086,50)
"於"bounds: (1114,36),(1119,36),(1119,50),(1114,50)
"海明威"bounds: (664,50),(708,50),(708,64),(664,64)
"的"bounds: (710,50),(718,50),(718,64),(710,64)
"老人與海"bounds: (721,54),(772,54),(772,63),(721,63)
"。"bounds: (777,57),(780,57),(780,60),(777,60)
"這"bounds: (782,50),(803,50),(803,64),(782,64)
"句話"bounds: (805,50),(828,50),(828,64),(805,64)
"是"bounds: (827,54),(838,54),(838,63),(827,63)
"這"bounds: (840,50),(853,50),(853,64),(840,64)
"本書"bounds: (855,50),(880,50),(880,64),(855,64)
"的"bounds: (882,50),(890,50),(890,64),(882,64)
"精"bounds: (892,50),(908,50),(908,64),(892,64)
"苹"bounds: (910,50),(920,50),(920,64),(910,64)
","bounds: (922,50),(923,50),(923,64),(922,64)
"值得"bounds: (925,50),(950,50),(950,64),(925,64)
"人"bounds: (952,50),(963,50),(963,64),(952,64)
"深入"bounds: (963,54),(988,54),(988,63),(963,63)
"思考"bounds: (990,54),(1014,54),(1014,63),(990,63)
"。e"bounds: (1020,56),(1035,56),(1035,60),(1020,60)
"本書"bounds: (667,69),(692,69),(692,78),(667,78)
"講述"bounds: (694,69),(719,69),(719,78),(694,78)
"了"bounds: (721,70),(731,70),(731,78),(721,78)
"老人"bounds: (733,66),(755,66),(755,80),(733,80)
"聖地牙哥"bounds: (757,66),(815,66),(815,80),(757,80)
"經過"bounds: (800,69),(838,69),(838,78),(800,78)
"數次"bounds: (840,69),(865,69),(865,78),(840,78)
"與"bounds: (867,69),(878,69),(878,78),(867,78)
"沙"bounds: (880,70),(881,70),(881,78),(880,78)
"魚"bounds: (890,66),(908,66),(908,80),(890,80)
"搏"bounds: (910,66),(920,66),(920,80),(910,80)
"門"bounds: (922,66),(935,66),(935,80),(922,80)
"及"bounds: (937,66),(940,66),(940,80),(937,80)
"他"bounds: (942,66),(958,66),(958,80),(942,80)
"捕魚"bounds: (960,66),(985,66),(985,80),(960,80)
"的"bounds: (987,66),(995,66),(995,80),(987,80)
"經驗"bounds: (997,66),(1028,66),(1028,80),(997,80)
"讓"bounds: (1029,69),(1041,69),(1041,78),(1029,78)
"他"bounds: (1043,69),(1054,69),(1054,78),(1043,78)
"捕獲"bounds: (1056,69),(1080,69),(1080,78),(1056,78)
"了"bounds: (1082,70),(1093,70),(1093,78),(1082,78)
"一條"bounds: (1095,69),(1120,69),(1120,78),(1095,78)
"鯊魚"bounds: (666,81),(693,81),(693,94),(666,94)
"。"bounds: (695,81),(698,81),(698,94),(695,94)
"再"bounds: (700,81),(712,81),(712,94),(700,94)
"为名"bounds: (712,84),(734,84),(734,93),(712,93)
"0:1:33:500"bounds: (101,336),(234,337),(234,352),(101,351)
"0:1:33:866"bounds: (701,336),(834,335),(834,350),(701,351)
"“"bounds: (68,365),(71,365),(71,367),(68,367)
"一個"bounds: (73,364),(88,364),(88,373),(73,373)
"人"bounds: (90,364),(111,364),(111,373),(90,373)
"並不是"bounds: (113,361),(147,361),(147,374),(113,374)
"天生"bounds: (139,364),(177,364),(177,373),(139,373)
"就要"bounds: (179,361),(207,361),(207,374),(179,374)
"被"bounds: (209,361),(219,361),(219,374),(209,374)
"打敗"bounds: (221,361),(245,361),(245,374),(221,374)
"的"bounds: (247,361),(256,361),(256,374),(247,374)
","bounds: (258,361),(261,361),(261,374),(258,374)
"你"bounds: (262,364),(273,364),(273,373),(262,373)
"盡"bounds: (275,361),(291,361),(291,374),(275,374)
"可以"bounds: (293,361),(312,361),(312,374),(293,374)
"消滅"bounds: (314,361),(345,361),(345,374),(314,374)
"他"bounds: (347,361),(357,361),(357,374),(347,374)
","bounds: (359,361),(359,361),(359,374),(359,374)
"卻"bounds: (361,361),(373,361),(373,374),(361,374)
"打"bounds: (375,361),(382,361),(382,374),(375,374)
"不敗"bounds: (385,365),(396,365),(396,373),(385,373)
"他"bounds: (398,364),(423,364),(423,373),(398,373)
"。"bounds: (428,367),(431,367),(431,370),(428,370)
"”"bounds: (438,365),(441,365),(441,367),(438,367)
"這"bounds: (443,365),(455,365),(455,373),(443,373)
"句話"bounds: (457,364),(482,364),(482,373),(457,373)
"出自"bounds: (484,364),(507,364),(507,373),(484,373)
"於"bounds: (510,364),(522,364),(522,373),(510,373)
"海明威"bounds: (64,376),(108,376),(108,389),(64,389)
"的"bounds: (110,376),(117,376),(117,389),(110,389)
"老人與海"bounds: (121,379),(172,379),(172,388),(121,388)
"。"bounds: (177,382),(180,382),(180,385),(177,385)
"這"bounds: (182,376),(201,376),(201,389),(182,389)
"句話"bounds: (203,376),(227,376),(227,389),(203,389)
"是"bounds: (229,376),(234,376),(234,389),(229,389)
"這"bounds: (236,376),(253,376),(253,389),(236,389)
"本書"bounds: (255,376),(281,376),(281,389),(255,389)
"的"bounds: (283,376),(290,376),(290,389),(283,389)
"精"bounds: (292,376),(306,376),(306,389),(292,389)
"苹"bounds: (308,376),(318,376),(318,389),(308,389)
","bounds: (320,376),(320,376),(320,389),(320,389)
"值得"bounds: (322,376),(348,376),(348,389),(322,389)
"人"bounds: (350,376),(362,376),(362,389),(350,389)
"深入"bounds: (363,379),(388,379),(388,388),(363,388)
"思考"bounds: (390,376),(414,376),(414,389),(390,389)
"。。"bounds: (420,381),(435,381),(435,385),(420,385)
"本書"bounds: (65,391),(96,391),(96,405),(65,405)
"講述"bounds: (98,391),(121,391),(121,405),(98,405)
"了"bounds: (123,391),(131,391),(131,405),(123,405)
"老人"bounds: (133,391),(156,391),(156,405),(133,405)
"聖地牙哥"bounds: (158,391),(214,391),(214,405),(158,405)
"經過"bounds: (216,391),(239,391),(239,405),(216,405)
"數次"bounds: (241,391),(266,391),(266,405),(241,405)
"與"bounds: (268,391),(279,391),(279,405),(268,405)
"沙"bounds: (281,391),(294,391),(294,405),(281,405)
"魚"bounds: (296,391),(306,391),(306,405),(296,405)
"搏"bounds: (308,391),(321,391),(321,405),(308,405)
"門"bounds: (323,391),(334,391),(334,405),(323,405)
"及"bounds: (336,391),(341,391),(341,405),(336,405)
"他"bounds: (343,391),(359,391),(359,405),(343,405)
"捕魚"bounds: (361,391),(386,391),(386,405),(361,405)
"的"bounds: (388,391),(396,391),(396,405),(388,405)
"經驗"bounds: (398,391),(429,391),(429,405),(398,405)
"讓"bounds: (431,391),(446,391),(446,405),(431,405)
"他"bounds: (448,391),(454,391),(454,405),(448,405)
"捕獲"bounds: (456,391),(484,391),(484,405),(456,405)
"了"bounds: (486,391),(496,391),(496,405),(486,405)
"一條"bounds: (498,391),(521,391),(521,405),(498,405)
"鯊魚"bounds: (64,406),(93,406),(93,419),(64,419)
"在"bounds: (95,406),(109,406),(109,419),(95,419)
"老"bounds: (111,406),(126,406),(126,419),(111,419)
"回"bounds: (126,408),(134,408),(134,419),(126,419)
"。"bounds: (137,412),(143,412),(143,413),(137,413)
"“"bounds: (659,361),(674,361),(674,375),(659,375)
"一個"bounds: (676,361),(699,361),(699,375),(676,375)
"人"bounds: (701,361),(712,361),(712,375),(701,375)
"並不是"bounds: (714,361),(752,361),(752,375),(714,375)
"天生"bounds: (754,361),(779,361),(779,375),(754,375)
"就要"bounds: (781,361),(809,361),(809,375),(781,375)
"被"bounds: (811,361),(819,361),(819,375),(811,375)
"打敗"bounds: (821,361),(844,361),(844,375),(821,375)
"的"bounds: (846,361),(857,361),(857,375),(846,375)
","bounds: (859,361),(862,361),(862,375),(859,375)
"你"bounds: (864,361),(872,361),(872,375),(864,375)
"盡"bounds: (874,361),(892,361),(892,375),(874,375)
"可以"bounds: (894,361),(917,361),(917,375),(894,375)
"消滅"bounds: (919,361),(937,361),(937,375),(919,375)
"他"bounds: (939,361),(954,361),(954,375),(939,375)
","bounds: (956,361),(957,361),(957,375),(956,375)
"卻"bounds: (959,361),(972,361),(972,375),(959,375)
"打"bounds: (974,361),(982,361),(982,375),(974,375)
"不敗"bounds: (984,361),(1014,361),(1014,375),(984,375)
"他"bounds: (1016,361),(1027,361),(1027,375),(1016,375)
"。"bounds: (1029,361),(1032,361),(1032,375),(1029,375)
"“"bounds: (1034,361),(1044,361),(1044,375),(1034,375)
"這"bounds: (1046,361),(1059,361),(1059,375),(1046,375)
"句話"bounds: (1061,361),(1084,361),(1084,375),(1061,375)
"出自"bounds: (1086,361),(1112,361),(1112,375),(1086,375)
"於"bounds: (1114,361),(1119,361),(1119,375),(1114,375)
"海明威"bounds: (664,376),(708,376),(708,390),(664,390)
"的"bounds: (710,376),(718,376),(718,390),(710,390)
"老人與海"bounds: (721,379),(772,379),(772,388),(721,388)
"。"bounds: (777,382),(780,382),(780,385),(777,385)
"這"bounds: (787,380),(800,380),(800,388),(787,388)
"句話"bounds: (802,379),(825,379),(825,388),(802,388)
"是"bounds: (827,379),(838,379),(838,388),(827,388)
"這"bounds: (840,376),(853,376),(853,390),(840,390)
"本書"bounds: (855,376),(880,376),(880,390),(855,390)
"的"bounds: (882,376),(890,376),(890,390),(882,390)
"精"bounds: (892,376),(908,376),(908,390),(892,390)
"苹"bounds: (910,376),(920,376),(920,390),(910,390)
","bounds: (922,376),(923,376),(923,390),(922,390)
"值得"bounds: (925,376),(950,376),(950,390),(925,390)
"人"bounds: (952,376),(963,376),(963,390),(952,390)
"深入"bounds: (963,379),(988,379),(988,388),(963,388)
"思考"bounds: (990,379),(1014,379),(1014,388),(990,388)
"。e"bounds: (1020,382),(1035,382),(1035,385),(1020,385)
"本書"bounds: (665,391),(696,391),(696,405),(665,405)
"講述"bounds: (698,391),(721,391),(721,405),(698,405)
"了"bounds: (723,391),(731,391),(731,405),(723,405)
"老人"bounds: (733,391),(756,391),(756,405),(733,405)
"聖地牙哥"bounds: (758,391),(814,391),(814,405),(758,405)
"經過"bounds: (816,391),(839,391),(839,405),(816,405)
"數次"bounds: (841,391),(866,391),(866,405),(841,405)
"與"bounds: (868,391),(879,391),(879,405),(868,405)
"沙"bounds: (881,391),(894,391),(894,405),(881,405)
"魚"bounds: (896,391),(906,391),(906,405),(896,405)
"搏"bounds: (908,391),(921,391),(921,405),(908,405)
"門"bounds: (923,391),(934,391),(934,405),(923,405)
"及"bounds: (936,391),(941,391),(941,405),(936,405)
"他"bounds: (943,391),(959,391),(959,405),(943,405)
"捕魚"bounds: (961,391),(986,391),(986,405),(961,405)
"的"bounds: (988,391),(996,391),(996,405),(988,405)
"經驗"bounds: (998,391),(1029,391),(1029,405),(998,405)
"讓"bounds: (1031,391),(1046,391),(1046,405),(1031,405)
"他"bounds: (1048,391),(1054,391),(1054,405),(1048,405)
"捕獲"bounds: (1056,391),(1084,391),(1084,405),(1056,405)
"了"bounds: (1086,391),(1096,391),(1096,405),(1086,405)
"一條"bounds: (1098,391),(1121,391),(1121,405),(1098,405)
"鯊魚"bounds: (666,406),(694,406),(694,419),(666,419)
"在"bounds: (696,406),(711,406),(711,419),(696,419)
"老人"bounds: (713,406),(736,406),(736,419),(713,419)
"上"bounds: (738,406),(741,406),(741,419),(738,419)