
"0:0:4:766
0:0:5:133
0:0:5:50O
0:0:5:866
“一個回ト
"bounds: (59,10),(818,10),(818,374),(59,374)
"0:0:4:766"bounds: (101,11),(218,10),(218,25),(101,26)
"0:0:5:133"bounds: (701,11),(818,11),(818,25),(701,25)
"0:0:5:50O"bounds: (101,336),(218,336),(218,350),(101,350)
"0:0:5:866"bounds: (701,336),(818,337),(818,351),(701,350)
"“"bounds: (59,361),(74,361),(74,374),(59,374)
"一個"bounds: (68,364),(99,364),(99,373),(68,373)
"回"bounds: (101,365),(109,365),(109,373),(101,373)
"ト"bounds: (112,363),(127,363),(127,374),(112,374)