
"0:1:38:633
0:1:39:0
"一個人並不是天生就要被打敗的,你盡可以消滅他,卻打不敗他。”這句話出自於
海明威的老人與海。這句話是這本書的精苹,值得人深入思考。。
本書講述了老人聖地牙哥經過數次與沙魚搏門及他捕魚的經驗讓他捕獲了一條
鯊魚再老人回來的實
“一個人並不是天生就要被打敗的,你盡可以消滅他,卻打不敗他。“這句話出自於
海明威的老人與海。這句話是這本書的精苹,值得人深入思考。e
本書講述了老人聖地牙哥經過數次與沙魚搏門及他捕魚的經驗讓他捕獲了一條
鯊魚再老人回來的實厂外
0:1:39:366
0:1:39:733
“一個人並不是天生就要被打敗的,你盡可以消滅他,卻打不敗他。”這句話出自於
海明威的老人與海。這句話是這本書的精苹,值得人深入思考。。
本書講述了老人聖地牙哥經過數次與沙魚搏鬥及他捕魚的經驗讓他捕獲了一條
鯊魚再老人回來的時候
“一個人並不是天生就要被打敗的,你盡可以消滅他,卻打不敗他。“這句話出自於
海明威的老人與海。這句話是這本書的精苹,值得人深入思考。e
本書講述了老人聖地牙哥經過數次與沙魚搏鬥及他捕魚的經驗,讓他捕獲了一條
鯊魚,再老人回來的時候。
"bounds: (60,11),(1120,11),(1120,420),(60,420)
"0:1:38:633"bounds: (101,12),(234,11),(234,25),(101,26)
"0:1:39:0"bounds: (701,11),(802,11),(802,25),(701,25)
"""bounds: (60,35),(74,35),(74,49),(60,49)
"一個"bounds: (76,35),(99,35),(99,49),(76,49)
"人"bounds: (101,35),(111,35),(111,49),(101,49)
"並不是"bounds: (113,35),(151,35),(151,49),(113,49)
"天生"bounds: (153,35),(179,35),(179,49),(153,49)
"就要"bounds: (181,35),(209,35),(209,49),(181,49)
"被"bounds: (211,35),(221,35),(221,49),(211,49)
"打敗"bounds: (223,35),(244,35),(244,49),(223,49)
"的"bounds: (246,35),(256,35),(256,49),(246,49)
","bounds: (258,35),(261,35),(261,49),(258,49)
"你"bounds: (263,35),(274,35),(274,49),(263,49)
"盡"bounds: (276,35),(291,35),(291,49),(276,49)
"可以"bounds: (293,35),(316,35),(316,49),(293,49)
"消滅"bounds: (318,35),(339,35),(339,49),(318,49)
"他"bounds: (341,35),(354,35),(354,49),(341,49)
","bounds: (356,35),(359,35),(359,49),(356,49)
"卻"bounds: (361,35),(371,35),(371,49),(361,49)
"打"bounds: (373,35),(384,35),(384,49),(373,49)
"不敗"bounds: (386,35),(414,35),(414,49),(386,49)
"他"bounds: (416,35),(426,35),(426,49),(416,49)
"。"bounds: (428,35),(431,35),(431,49),(428,49)
"”"bounds: (433,35),(444,35),(444,49),(433,49)
"這"bounds: (446,35),(459,35),(459,49),(446,49)
"句話"bounds: (461,35),(484,35),(484,49),(461,49)
"出自"bounds: (486,35),(511,35),(511,49),(486,49)
"於"bounds: (513,35),(521,35),(521,49),(513,49)
"海明威"bounds: (64,49),(107,49),(107,64),(64,64)
"的"bounds: (109,49),(120,49),(120,64),(109,64)
"老人與海"bounds: (121,54),(172,54),(172,63),(121,63)
"。"bounds: (177,57),(180,57),(180,60),(177,60)
"這"bounds: (187,55),(200,55),(200,63),(187,63)
"句話"bounds: (202,54),(225,54),(225,63),(202,63)
"是"bounds: (227,54),(238,54),(238,63),(227,63)
"這"bounds: (240,49),(256,49),(256,64),(240,64)
"本書"bounds: (258,49),(280,49),(280,64),(258,64)
"的"bounds: (282,49),(291,49),(291,64),(282,64)
"精"bounds: (293,49),(309,49),(309,64),(293,64)
"苹"bounds: (311,49),(323,49),(323,64),(311,64)
","bounds: (325,49),(325,49),(325,64),(325,64)
"值得"bounds: (327,49),(349,49),(349,64),(327,64)
"人"bounds: (351,49),(357,49),(357,64),(351,64)
"深入"bounds: (363,54),(388,54),(388,63),(363,63)
"思考"bounds: (390,54),(414,54),(414,63),(390,63)
"。。"bounds: (420,57),(435,57),(435,60),(420,60)
"本書"bounds: (67,69),(92,69),(92,78),(67,78)
"講述"bounds: (94,69),(119,69),(119,78),(94,78)
"了"bounds: (121,70),(131,70),(131,78),(121,78)
"老人"bounds: (133,66),(155,66),(155,80),(133,80)
"聖地牙哥"bounds: (157,66),(215,66),(215,80),(157,80)
"經過"bounds: (200,69),(238,69),(238,78),(200,78)
"數次"bounds: (240,69),(265,69),(265,78),(240,78)
"與"bounds: (267,69),(278,69),(278,78),(267,78)
"沙"bounds: (280,70),(281,70),(281,78),(280,78)
"魚"bounds: (290,66),(308,66),(308,80),(290,80)
"搏"bounds: (310,66),(320,66),(320,80),(310,80)
"門"bounds: (322,66),(335,66),(335,80),(322,80)
"及"bounds: (337,66),(343,66),(343,80),(337,80)
"他"bounds: (345,66),(358,66),(358,80),(345,80)
"捕魚"bounds: (360,66),(385,66),(385,80),(360,80)
"的"bounds: (387,66),(395,66),(395,80),(387,80)
"經驗"bounds: (397,66),(428,66),(428,80),(397,80)
"讓"bounds: (429,69),(441,69),(441,78),(429,78)
"他"bounds: (443,69),(454,69),(454,78),(443,78)
"捕獲"bounds: (456,69),(480,69),(480,78),(456,78)
"了"bounds: (482,70),(493,70),(493,78),(482,78)
"一條"bounds: (495,69),(520,69),(520,78),(495,78)
"鯊魚"bounds: (65,81),(94,81),(94,94),(65,94)
"再"bounds: (96,81),(110,81),(110,94),(96,94)
"老人"bounds: (112,81),(136,81),(136,94),(112,94)
"回來"bounds: (138,81),(164,81),(164,94),(138,94)
"的"bounds: (166,81),(176,81),(176,94),(166,94)
"實"bounds: (178,81),(192,81),(192,94),(178,94)
"“"bounds: (659,36),(674,36),(674,50),(659,50)
"一個"bounds: (676,36),(699,36),(699,50),(676,50)
"人"bounds: (701,36),(712,36),(712,50),(701,50)
"並不是"bounds: (714,36),(752,36),(752,50),(714,50)
"天生"bounds: (754,36),(779,36),(779,50),(754,50)
"就要"bounds: (781,36),(809,36),(809,50),(781,50)
"被"bounds: (811,36),(819,36),(819,50),(811,50)
"打敗"bounds: (821,36),(844,36),(844,50),(821,50)
"的"bounds: (846,36),(857,36),(857,50),(846,50)
","bounds: (859,36),(862,36),(862,50),(859,50)
"你"bounds: (864,36),(872,36),(872,50),(864,50)
"盡"bounds: (874,36),(892,36),(892,50),(874,50)
"可以"bounds: (894,36),(917,36),(917,50),(894,50)
"消滅"bounds: (919,36),(937,36),(937,50),(919,50)
"他"bounds: (939,36),(954,36),(954,50),(939,50)
","bounds: (956,36),(957,36),(957,50),(956,50)
"卻"bounds: (959,36),(972,36),(972,50),(959,50)
"打"bounds: (974,36),(982,36),(982,50),(974,50)
"不敗"bounds: (984,36),(1014,36),(1014,50),(984,50)
"他"bounds: (1016,36),(1027,36),(1027,50),(1016,50)
"。"bounds: (1029,36),(1032,36),(1032,50),(1029,50)
"“"bounds: (1034,36),(1044,36),(1044,50),(1034,50)
"這"bounds: (1046,36),(1059,36),(1059,50),(1046,50)
"句話"bounds: (1061,36),(1084,36),(1084,50),(1061,50)
"出自"bounds: (1086,36),(1112,36),(1112,50),(1086,50)
"於"bounds: (1114,36),(1119,36),(1119,50),(1114,50)
"海明威"bounds: (664,50),(708,50),(708,64),(664,64)
"的"bounds: (710,50),(718,50),(718,64),(710,64)
"老人與海"bounds: (721,54),(772,54),(772,63),(721,63)
"。"bounds: (777,57),(780,57),(780,60),(777,60)
"這"bounds: (782,50),(803,50),(803,64),(782,64)
"句話"bounds: (805,50),(828,50),(828,64),(805,64)
"是"bounds: (827,54),(838,54),(838,63),(827,63)
"這"bounds: (840,50),(853,50),(853,64),(840,64)
"本書"bounds: (855,50),(880,50),(880,64),(855,64)
"的"bounds: (882,50),(890,50),(890,64),(882,64)
"精"bounds: (892,50),(908,50),(908,64),(892,64)
"苹"bounds: (910,50),(920,50),(920,64),(910,64)
","bounds: (922,50),(923,50),(923,64),(922,64)
"值得"bounds: (925,50),(950,50),(950,64),(925,64)
"人"bounds: (952,50),(963,50),(963,64),(952,64)
"深入"bounds: (963,54),(988,54),(988,63),(963,63)
"思考"bounds: (990,54),(1014,54),(1014,63),(990,63)
"。e"bounds: (1020,56),(1035,56),(1035,60),(1020,60)
"本書"bounds: (667,69),(692,69),(692,78),(667,78)
"講述"bounds: (694,69),(719,69),(719,78),(694,78)
"了"bounds: (721,70),(731,70),(731,78),(721,78)
"老人"bounds: (733,66),(755,66),(755,80),(733,80)
"聖地牙哥"bounds: (757,66),(815,66),(815,80),(757,80)
"經過"bounds: (800,69),(838,69),(838,78),(800,78)
"數次"bounds: (840,69),(865,69),(865,78),(840,78)
"與"bounds: (867,69),(878,69),(878,78),(867,78)
"沙"bounds: (880,70),(881,70),(881,78),(880,78)
"魚"bounds: (890,66),(908,66),(908,80),(890,80)
"搏"bounds: (910,66),(920,66),(920,80),(910,80)
"門"bounds: (922,66),(935,66),(935,80),(922,80)
"及"bounds: (937,66),(940,66),(940,80),(937,80)
"他"bounds: (942,66),(958,66),(958,80),(942,80)
"捕魚"bounds: (960,66),(985,66),(985,80),(960,80)
"的"bounds: (987,66),(995,66),(995,80),(987,80)
"經驗"bounds: (997,66),(1028,66),(1028,80),(997,80)
"讓"bounds: (1029,69),(1041,69),(1041,78),(1029,78)
"他"bounds: (1043,69),(1054,69),(1054,78),(1043,78)
"捕獲"bounds: (1056,69),(1080,69),(1080,78),(1056,78)
"了"bounds: (1082,70),(1093,70),(1093,78),(1082,78)
"一條"bounds: (1095,69),(1120,69),(1120,78),(1095,78)
"鯊魚"bounds: (664,81),(694,81),(694,95),(664,95)
"再"bounds: (696,81),(712,81),(712,95),(696,95)
"老人"bounds: (714,81),(737,81),(737,95),(714,95)
"回來"bounds: (739,81),(764,81),(764,95),(739,95)
"的"bounds: (766,81),(774,81),(774,95),(766,95)
"實"bounds: (776,81),(794,81),(794,95),(776,95)
"厂"bounds: (796,81),(804,81),(804,95),(796,95)
"外"bounds: (806,81),(822,81),(822,95),(806,95)
"0:1:39:366"bounds: (101,337),(234,336),(234,350),(101,351)
"0:1:39:733"bounds: (701,337),(834,337),(834,350),(701,350)
"“"bounds: (68,365),(71,365),(71,367),(68,367)
"一個"bounds: (73,364),(88,364),(88,373),(73,373)
"人"bounds: (90,364),(111,364),(111,373),(90,373)
"並不是"bounds: (113,361),(147,361),(147,374),(113,374)
"天生"bounds: (139,364),(177,364),(177,373),(139,373)
"就要"bounds: (179,361),(207,361),(207,374),(179,374)
"被"bounds: (209,361),(219,361),(219,374),(209,374)
"打敗"bounds: (221,361),(245,361),(245,374),(221,374)
"的"bounds: (247,361),(256,361),(256,374),(247,374)
","bounds: (258,361),(261,361),(261,374),(258,374)
"你"bounds: (262,364),(273,364),(273,373),(262,373)
"盡"bounds: (275,361),(291,361),(291,374),(275,374)
"可以"bounds: (293,361),(312,361),(312,374),(293,374)
"消滅"bounds: (314,361),(345,361),(345,374),(314,374)
"他"bounds: (347,361),(357,361),(357,374),(347,374)
","bounds: (359,361),(359,361),(359,374),(359,374)
"卻"bounds: (361,361),(373,361),(373,374),(361,374)
"打"bounds: (375,361),(382,361),(382,374),(375,374)
"不敗"bounds: (385,365),(396,365),(396,373),(385,373)
"他"bounds: (398,364),(423,364),(423,373),(398,373)
"。"bounds: (428,367),(431,367),(431,370),(428,370)
"”"bounds: (438,365),(441,365),(441,367),(438,367)
"這"bounds: (443,365),(455,365),(455,373),(443,373)
"句話"bounds: (457,364),(482,364),(482,373),(457,373)
"出自"bounds: (484,364),(507,364),(507,373),(484,373)
"於"bounds: (510,364),(522,364),(522,373),(510,373)
"海明威"bounds: (64,376),(108,376),(108,389),(64,389)
"的"bounds: (110,376),(117,376),(117,389),(110,389)
"老人與海"bounds: (121,379),(172,379),(172,388),(121,388)
"。"bounds: (177,382),(180,382),(180,385),(177,385)
"這"bounds: (182,376),(201,376),(201,389),(182,389)
"句話"bounds: (203,376),(227,376),(227,389),(203,389)
"是"bounds: (229,376),(234,376),(234,389),(229,389)
"這"bounds: (236,376),(253,376),(253,389),(236,389)
"本書"bounds: (255,376),(281,376),(281,389),(255,389)
"的"bounds: (283,376),(290,376),(290,389),(283,389)
"精"bounds: (292,376),(306,376),(306,389),(292,389)
"苹"bounds: (308,376),(318,376),(318,389),(308,389)
","bounds: (320,376),(320,376),(320,389),(320,389)
"值得"bounds: (322,376),(348,376),(348,389),(322,389)
"人"bounds: (350,376),(362,376),(362,389),(350,389)
"深入"bounds: (363,379),(388,379),(388,388),(363,388)
"思考"bounds: (390,376),(414,376),(414,389),(390,389)
"。。"bounds: (420,381),(435,381),(435,385),(420,385)
"本書"bounds: (66,390),(96,390),(96,405),(66,405)
"講述"bounds: (98,390),(120,390),(120,405),(98,405)
"了"bounds: (122,390),(133,390),(133,405),(122,405)
"老人"bounds: (135,390),(160,390),(160,405),(135,405)
"聖地牙哥"bounds: (162,390),(216,390),(216,405),(162,405)
"經過"bounds: (218,390),(240,390),(240,405),(218,405)
"數次"bounds: (242,390),(261,390),(261,405),(242,405)
"與"bounds: (263,390),(280,390),(280,405),(263,405)
"沙"bounds: (282,390),(293,390),(293,405),(282,405)
"魚"bounds: (295,390),(307,390),(307,405),(295,405)
"搏鬥"bounds: (309,390),(336,390),(336,405),(309,405)
"及"bounds: (338,390),(349,390),(349,405),(338,405)
"他"bounds: (351,390),(357,390),(357,405),(351,405)
"捕魚"bounds: (359,390),(387,390),(387,405),(359,405)
"的"bounds: (389,390),(397,390),(397,405),(389,405)
"經驗"bounds: (399,390),(429,390),(429,405),(399,405)
"讓"bounds: (431,390),(445,390),(445,405),(431,405)
"他"bounds: (447,390),(456,390),(456,405),(447,405)
"捕獲"bounds: (458,390),(483,390),(483,405),(458,405)
"了"bounds: (485,390),(496,390),(496,405),(485,405)
"一條"bounds: (498,390),(520,390),(520,405),(498,405)
"鯊魚"bounds: (64,406),(94,406),(94,420),(64,420)
"再"bounds: (97,409),(109,409),(109,418),(97,418)
"老人"bounds: (111,406),(137,406),(137,420),(111,420)
"回來"bounds: (139,406),(164,406),(164,420),(139,420)
"的"bounds: (166,406),(174,406),(174,420),(166,420)
"時候"bounds: (176,406),(204,406),(204,420),(176,420)
"“"bounds: (659,361),(674,361),(674,375),(659,375)
"一個"bounds: (676,361),(699,361),(699,375),(676,375)
"人"bounds: (701,361),(712,361),(712,375),(701,375)
"並不是"bounds: (714,361),(752,361),(752,375),(714,375)
"天生"bounds: (754,361),(779,361),(779,375),(754,375)
"就要"bounds: (781,361),(809,361),(809,375),(781,375)
"被"bounds: (811,361),(819,361),(819,375),(811,375)
"打敗"bounds: (821,361),(844,361),(844,375),(821,375)
"的"bounds: (846,361),(857,361),(857,375),(846,375)
","bounds: (859,361),(862,361),(862,375),(859,375)
"你"bounds: (864,361),(872,361),(872,375),(864,375)
"盡"bounds: (874,361),(892,361),(892,375),(874,375)
"可以"bounds: (894,361),(917,361),(917,375),(894,375)
"消滅"bounds: (919,361),(937,361),(937,375),(919,375)
"他"bounds: (939,361),(954,361),(954,375),(939,375)
","bounds: (956,361),(957,361),(957,375),(956,375)
"卻"bounds: (959,361),(972,361),(972,375),(959,375)
"打"bounds: (974,361),(982,361),(982,375),(974,375)
"不敗"bounds: (984,361),(1014,361),(1014,375),(984,375)
"他"bounds: (1016,361),(1027,361),(1027,375),(1016,375)
"。"bounds: (1029,361),(1032,361),(1032,375),(1029,375)
"“"bounds: (1034,361),(1044,361),(1044,375),(1034,375)
"這"bounds: (1046,361),(1059,361),(1059,375),(1046,375)
"句話"bounds: (1061,361),(1084,361),(1084,375),(1061,375)
"出自"bounds: (1086,361),(1112,361),(1112,375),(1086,375)
"於"bounds: (1114,361),(1119,361),(1119,375),(1114,375)
"海明威"bounds: (664,376),(708,376),(708,390),(664,390)
"的"bounds: (710,376),(718,376),(718,390),(710,390)
"老人與海"bounds: (721,379),(772,379),(772,388),(721,388)
"。"bounds: (777,382),(780,382),(780,385),(777,385)
"這"bounds: (787,380),(800,380),(800,388),(787,388)
"句話"bounds: (802,379),(825,379),(825,388),(802,388)
"是"bounds: (827,379),(838,379),(838,388),(827,388)
"這"bounds: (840,376),(853,376),(853,390),(840,390)
"本書"bounds: (855,376),(880,376),(880,390),(855,390)
"的"bounds: (882,376),(890,376),(890,390),(882,390)
"精"bounds: (892,376),(908,376),(908,390),(892,390)
"苹"bounds: (910,376),(920,376),(920,390),(910,390)
","bounds: (922,376),(923,376),(923,390),(922,390)
"值得"bounds: (925,376),(950,376),(950,390),(925,390)
"人"bounds: (952,376),(963,376),(963,390),(952,390)
"深入"bounds: (963,379),(988,379),(988,388),(963,388)
"思考"bounds: (990,379),(1014,379),(1014,388),(990,388)
"。e"bounds: (1020,382),(1035,382),(1035,385),(1020,385)
"本書"bounds: (667,390),(695,390),(695,404),(667,404)
"講述"bounds: (697,390),(720,390),(720,404),(697,404)
"了"bounds: (722,390),(733,390),(733,404),(722,404)
"老人"bounds: (735,390),(755,390),(755,404),(735,404)
"聖地牙哥"bounds: (757,390),(813,390),(813,404),(757,404)
"經過"bounds: (815,390),(840,390),(840,404),(815,404)
"數次"bounds: (842,390),(865,390),(865,404),(842,404)
"與"bounds: (867,390),(880,390),(880,404),(867,404)
"沙"bounds: (882,390),(893,390),(893,404),(882,404)
"魚"bounds: (895,390),(908,390),(908,404),(895,404)
"搏鬥"bounds: (910,390),(933,390),(933,404),(910,404)
"及"bounds: (935,390),(940,390),(940,404),(935,404)
"他"bounds: (942,390),(960,390),(960,404),(942,404)
"捕魚"bounds: (962,390),(985,390),(985,404),(962,404)
"的"bounds: (987,390),(998,390),(998,404),(987,404)
"經驗"bounds: (1000,390),(1028,390),(1028,404),(1000,404)
","bounds: (1030,390),(1030,390),(1030,404),(1030,404)
"讓"bounds: (1032,390),(1045,390),(1045,404),(1032,404)
"他"bounds: (1047,390),(1055,390),(1055,404),(1047,404)
"捕獲"bounds: (1057,390),(1085,390),(1085,404),(1057,404)
"了"bounds: (1087,390),(1095,390),(1095,404),(1087,404)
"一條"bounds: (1097,390),(1120,390),(1120,404),(1097,404)
"鯊魚"bounds: (667,406),(693,406),(693,420),(667,420)
","bounds: (695,406),(698,406),(698,420),(695,420)
"再"bounds: (700,406),(710,406),(710,420),(700,420)
"老人"bounds: (712,406),(738,406),(738,420),(712,420)
"回來"bounds: (740,406),(763,406),(763,420),(740,420)
"的"bounds: (765,406),(775,406),(775,420),(765,420)
"時候"bounds: (777,406),(803,406),(803,420),(777,420)
"。"bounds: (805,406),(810,406),(810,420),(805,420)